0.333218 0.320000 -0.000467 0.000000 -0.013218 0.000467
0.333183 0.320000 -0.000220 0.005000 -0.013183 0.005220
0.333078 0.320000 -0.000070 0.009999 -0.013078 0.010069
0.332889 0.320000 0.000650 0.014999 -0.012889 0.014348
0.332622 0.320000 0.001916 0.019998 -0.012622 0.018082
0.332288 0.320000 0.003710 0.024998 -0.012288 0.021289
0.331895 0.320000 0.005927 0.029998 -0.011895 0.024071
0.331451 0.320000 0.008508 0.034997 -0.011451 0.026489
0.330962 0.320000 0.011385 0.039997 -0.010962 0.028612
0.330421 0.320000 0.018646 0.044997 -0.010421 0.026351
0.329610 0.320000 0.029001 0.049996 -0.009610 0.020995
0.328509 0.320000 0.036686 0.054996 -0.008509 0.018310
0.327130 0.320000 0.041652 0.059995 -0.007130 0.018343
0.325803 0.320000 0.040553 0.064995 -0.005803 0.024442
0.324588 0.320000 0.037707 0.069994 -0.004588 0.032287
0.323369 0.320000 0.035600 0.074993 -0.003369 0.039393
0.322244 0.320000 0.034594 0.079992 -0.002244 0.045398
0.321279 0.320000 0.034727 0.084992 -0.001279 0.050265
0.320514 0.320000 0.036049 0.089991 -0.000514 0.053942
0.319986 0.320000 0.038695 0.094990 0.000014 0.056295
0.319707 0.320000 0.042723 0.099989 0.000293 0.057266
0.319674 0.320000 0.048355 0.104988 0.000326 0.056632
0.319855 0.320000 0.053433 0.109987 0.000145 0.056553
0.320229 0.320000 0.058764 0.114985 -0.000229 0.056221
0.320746 0.320000 0.064282 0.119984 -0.000746 0.055702
0.321350 0.320000 0.070584 0.124983 -0.001350 0.054399
0.321972 0.320000 0.076951 0.129982 -0.001972 0.053031
0.322558 0.320000 0.083755 0.134981 -0.002558 0.051226
0.323017 0.320000 0.091050 0.139981 -0.003017 0.048931
0.323358 0.320000 0.099204 0.144980 -0.003358 0.045776
0.323590 0.320000 0.108864 0.149980 -0.003590 0.041116
0.323668 0.320000 0.120339 0.154980 -0.003668 0.034641
0.323542 0.320000 0.132505 0.159980 -0.003542 0.027475
0.323286 0.320000 0.144438 0.164980 -0.003286 0.020541
0.322851 0.320000 0.156325 0.169979 -0.002851 0.013654
0.322016 0.320000 0.171225 0.174979 -0.002016 0.003754
0.320734 0.320000 0.182601 0.179979 -0.000734 -0.002622
0.319117 0.320000 0.188940 0.184979 0.000883 -0.003961
0.317992 0.320000 0.188680 0.189979 0.002008 0.001300
0.316978 0.320000 0.186121 0.194980 0.003022 0.008859
0.316089 0.320000 0.183176 0.199981 0.003911 0.016805
0.315354 0.320000 0.181104 0.204983 0.004646 0.023880
0.314830 0.320000 0.180585 0.209985 0.005170 0.029400
0.314542 0.320000 0.181065 0.214987 0.005458 0.033922
0.314526 0.320000 0.183884 0.219989 0.005474 0.036105
0.314768 0.320000 0.187358 0.224990 0.005232 0.037631
0.315236 0.320000 0.191288 0.229990 0.004764 0.038702
0.315889 0.320000 0.196737 0.234990 0.004111 0.038253
0.316656 0.320000 0.203253 0.239990 0.003344 0.036738
0.317488 0.320000 0.210591 0.244990 0.002512 0.034399
0.318345 0.320000 0.219446 0.249991 0.001655 0.030545
0.319156 0.320000 0.229375 0.254991 0.000844 0.025616
0.319864 0.320000 0.239931 0.259991 0.000136 0.020060
0.320427 0.320000 0.249500 0.264992 -0.000427 0.015492
0.320902 0.320000 0.259933 0.269992 -0.000902 0.010059
0.321258 0.320000 0.271603 0.274992 -0.001258 0.003389
0.321441 0.320000 0.284314 0.279991 -0.001441 -0.004323
0.321436 0.320000 0.296099 0.284989 -0.001436 -0.011111
0.321213 0.320000 0.306837 0.289986 -0.001213 -0.016850
0.320111 0.320000 0.318358 0.294984 -0.000111 -0.023374
0.318703 0.320000 0.327995 0.299981 0.001297 -0.028014
0.317048 0.320000 0.333304 0.304978 0.002952 -0.028326
0.316281 0.320000 0.335846 0.309974 0.003719 -0.025871
0.315577 0.320000 0.340958 0.314971 0.004423 -0.025987
0.314860 0.320000 0.344211 0.319969 0.005140 -0.024242
0.314283 0.320000 0.347496 0.324968 0.005717 -0.022528
0.313934 0.320000 0.351607 0.329967 0.006066 -0.021640
0.313833 0.320000 0.357067 0.334965 0.006167 -0.022102
0.314006 0.320000 0.362929 0.339962 0.005994 -0.022967
0.314445 0.320000 0.368265 0.344956 0.005555 -0.023309
0.315124 0.320000 0.373855 0.349949 0.004876 -0.023905
0.315962 0.320000 0.380428 0.354942 0.004038 -0.025486
0.316884 0.320000 0.389200 0.359937 0.003116 -0.029263
0.317813 0.320000 0.399732 0.364935 0.002187 -0.034797
0.318720 0.320000 0.411671 0.369934 0.001280 -0.041738
0.319575 0.320000 0.424693 0.374935 0.000425 -0.049758
0.320341 0.320000 0.438153 0.379937 -0.000341 -0.058216
0.320880 0.320000 0.450470 0.384938 -0.000880 -0.065532
0.321299 0.320000 0.462558 0.389939 -0.001299 -0.072618
0.321653 0.320000 0.475205 0.394940 -0.001653 -0.080265
0.321906 0.320000 0.489236 0.399941 -0.001906 -0.089296
0.321975 0.320000 0.503743 0.404941 -0.001975 -0.098802
0.322199 0.320000 0.516446 0.409943 -0.002199 -0.106503
0.321763 0.320000 0.511805 0.414946 -0.001763 -0.096859
0.320757 0.320000 0.504787 0.419949 -0.000757 -0.084838
0.319369 0.320000 0.494202 0.424951 0.000631 -0.069251
0.317660 0.320000 0.480915 0.429954 0.002340 -0.050961
0.316462 0.320000 0.466638 0.434958 0.003538 -0.031680
0.315551 0.320000 0.450067 0.439962 0.004449 -0.010105
0.314802 0.320000 0.435103 0.444967 0.005198 0.009864
0.314271 0.320000 0.423400 0.449971 0.005729 0.026571
0.313999 0.320000 0.416221 0.454975 0.006001 0.038754
0.314037 0.320000 0.412624 0.459976 0.005963 0.047352
0.314401 0.320000 0.409518 0.464974 0.005599 0.055456
0.315061 0.320000 0.406449 0.469969 0.004939 0.063521
0.315956 0.320000 0.403140 0.474964 0.004044 0.071824
0.316975 0.320000 0.403481 0.479961 0.003025 0.076480
0.318015 0.320000 0.409683 0.484962 0.001985 0.075280
0.319005 0.320000 0.420924 0.489967 0.000995 0.069043
0.319930 0.320000 0.435003 0.494974 0.000070 0.059971
0.320758 0.320000 0.451450 0.499979 -0.000758 0.048529
0.321439 0.320000 0.467953 0.504983 -0.001439 0.037030
0.321922 0.320000 0.480482 0.509985 -0.001922 0.029503
0.322332 0.320000 0.495752 0.514985 -0.002332 0.019234
0.322644 0.320000 0.510383 0.519984 -0.002644 0.009600
0.322827 0.320000 0.524812 0.524981 -0.002827 0.000169
0.322847 0.320000 0.537321 0.529978 -0.002847 -0.007343
0.322779 0.320000 0.551991 0.534971 -0.002779 -0.017019
0.321565 0.320000 0.564477 0.539964 -0.001565 -0.024512
0.319634 0.320000 0.569648 0.544958 0.000366 -0.024690
0.317467 0.320000 0.571672 0.549951 0.002533 -0.021721
0.316316 0.320000 0.585852 0.554945 0.003684 -0.030907
0.315530 0.320000 0.594682 0.559941 0.004470 -0.034742
0.314735 0.320000 0.598025 0.564940 0.005265 -0.033085
0.314108 0.320000 0.599745 0.569940 0.005892 -0.029805
0.313737 0.320000 0.601881 0.574940 0.006263 -0.026942
0.313683 0.320000 0.604970 0.579935 0.006317 -0.025035
0.313994 0.320000 0.607556 0.584922 0.006006 -0.022633
0.314656 0.320000 0.607727 0.589903 0.005344 -0.017824
0.315598 0.320000 0.607858 0.594879 0.004402 -0.012979
0.316680 0.320000 0.611935 0.599859 0.003320 -0.012076
0.317766 0.320000 0.621142 0.604849 0.002234 -0.016293
0.318769 0.320000 0.636823 0.609851 0.001231 -0.026972
0.319672 0.320000 0.654856 0.614861 0.000328 -0.039995
0.320477 0.320000 0.674515 0.619873 -0.000477 -0.054641
0.321189 0.320000 0.695023 0.624885 -0.001189 -0.070138
0.321536 0.320000 0.711393 0.629895 -0.001536 -0.081499
0.321794 0.320000 0.725430 0.634902 -0.001794 -0.090528
0.322013 0.320000 0.740568 0.639907 -0.002013 -0.100661
0.322146 0.320000 0.755770 0.644910 -0.002146 -0.110860
0.322117 0.320000 0.770758 0.649912 -0.002117 -0.120846
0.322210 0.320000 0.779089 0.654914 -0.002210 -0.124175
0.321363 0.320000 0.767230 0.659920 -0.001363 -0.107309
0.320013 0.320000 0.749334 0.664925 -0.000013 -0.084408
0.318327 0.320000 0.727645 0.669930 0.001673 -0.057715
0.316816 0.320000 0.703113 0.674934 0.003184 -0.028179
0.316049 0.320000 0.680484 0.679938 0.003951 -0.000546
0.315285 0.320000 0.657733 0.684945 0.004715 0.027212
0.314635 0.320000 0.638386 0.689953 0.005365 0.051567
0.314191 0.320000 0.623561 0.694961 0.005809 0.071400
0.314010 0.320000 0.613825 0.699966 0.005990 0.086141
0.314175 0.320000 0.609966 0.704967 0.005825 0.095001
0.314713 0.320000 0.605493 0.709960 0.005287 0.104467
0.315635 0.320000 0.597708 0.714944 0.004365 0.117236
0.316839 0.320000 0.586747 0.719924 0.003161 0.133177
0.318161 0.320000 0.581133 0.724912 0.001839 0.143779
0.319446 0.320000 0.586055 0.729911 0.000554 0.143856
0.320587 0.320000 0.603008 0.734924 -0.000587 0.131916
0.321569 0.320000 0.626087 0.739943 -0.001569 0.113856
0.322396 0.320000 0.652568 0.744961 -0.002396 0.092393
0.322994 0.320000 0.676004 0.749972 -0.002994 0.073968
0.323413 0.320000 0.693671 0.754976 -0.003413 0.061304
0.323784 0.320000 0.711518 0.759971 -0.003784 0.048452
0.324102 0.320000 0.729883 0.764961 -0.004102 0.035078
0.324313 0.320000 0.748111 0.769949 -0.004313 0.021838
0.324407 0.320000 0.766351 0.774937 -0.004407 0.008586
0.323931 0.320000 0.782619 0.779915 -0.003931 -0.002704
0.322609 0.320000 0.804381 0.784893 -0.002609 -0.019487
0.320632 0.320000 0.815562 0.789881 -0.000632 -0.025681
0.317993 0.320000 0.819893 0.794874 0.002007 -0.025019
0.316670 0.320000 0.856038 0.799868 0.003330 -0.056170
0.315764 0.320000 0.871331 0.804869 0.004236 -0.066462
0.314890 0.320000 0.879249 0.809878 0.005110 -0.069371
0.314219 0.320000 0.885183 0.814889 0.005781 -0.070294
0.313862 0.320000 0.890586 0.819894 0.006138 -0.070692
0.313878 0.320000 0.895365 0.824886 0.006122 -0.070478
0.314336 0.320000 0.896121 0.829858 0.005664 -0.066264
0.315231 0.320000 0.891522 0.834806 0.004769 -0.056716
0.316381 0.320000 0.884868 0.839740 0.003619 -0.045128
0.317587 0.320000 0.889478 0.844685 0.002413 -0.044793
0.318643 0.320000 0.906554 0.849666 0.001357 -0.056888
0.319491 0.320000 0.931038 0.854685 0.000509 -0.076353
0.320142 0.320000 0.957654 0.859716 -0.000142 -0.097938
0.320652 0.320000 0.985937 0.864747 -0.000652 -0.121190
0.321026 0.320000 1.013328 0.869783 -0.001026 -0.143545
0.320958 0.320000 1.035378 0.874810 -0.000958 -0.160568
0.320835 0.320000 1.055990 0.879830 -0.000835 -0.176160
0.320681 0.320000 1.074461 0.884843 -0.000681 -0.189618
0.320475 0.320000 1.090419 0.890419 -0.000475 -0.200000
0.320206 0.320000 1.101826 0.901826 -0.000206 -0.200000
0.320335 0.320000 1.102365 0.902365 -0.000335 -0.200000
0.320236 0.320000 1.091400 0.904879 -0.000236 -0.186521
0.318115 0.320000 1.046109 0.909898 0.001885 -0.136211
0.315750 0.320000 0.999749 0.914909 0.004250 -0.084840
0.312739 0.320000 0.963069 0.919916 0.007261 -0.043153
0.310904 0.320000 0.927685 0.924921 0.009096 -0.002764
0.309550 0.320000 0.892321 0.929930 0.010450 0.037608
0.308498 0.320000 0.860582 0.934940 0.011502 0.074358
0.307752 0.320000 0.837419 0.939953 0.012248 0.102534
0.307391 0.320000 0.823196 0.944961 0.012609 0.121765
0.307449 0.320000 0.815637 0.949961 0.012551 0.134324
0.308013 0.320000 0.808305 0.954947 0.011987 0.146642
0.309076 0.320000 0.792651 0.959913 0.010924 0.167262
0.310583 0.320000 0.767721 0.964876 0.009417 0.197156
0.312329 0.320000 0.745204 0.945204 0.007671 0.200000
0.313965 0.320000 0.740242 0.940242 0.006035 0.200000
0.315353 0.320000 0.755908 0.955908 0.004647 0.200000
0.316497 0.320000 0.784354 0.984354 0.003503 0.200000
0.317441 0.320000 0.819351 0.989955 0.002559 0.170604
0.318100 0.320000 0.847381 0.994973 0.001900 0.147591
0.318705 0.320000 0.871999 0.999967 0.001295 0.127968
0.319333 0.320000 0.896793 0.999947 0.000667 0.103154
0.319923 0.320000 0.921321 0.999922 0.000077 0.078602
0.320379 0.320000 0.946107 0.999897 -0.000379 0.053789
0.320744 0.320000 0.967270 0.999870 -0.000744 0.032601
0.319872 0.320000 0.985928 0.999815 0.000128 0.013887
0.318445 0.320000 1.007750 0.999759 0.001555 -0.007992
0.316689 0.320000 1.020112 0.999712 0.003311 -0.020400
0.317462 0.320000 1.032810 0.999685 0.002538 -0.033125
0.320250 0.320000 1.147528 0.999707 -0.000250 -0.147821
0.317560 0.320000 1.154211 0.999746 0.002440 -0.154465
0.315718 0.320000 1.150693 0.999783 0.004282 -0.150911
0.314409 0.320000 1.146902 0.999821 0.005591 -0.147081
0.313587 0.320000 1.144066 0.999850 0.006413 -0.144216
0.313278 0.320000 1.141374 0.999864 0.006722 -0.141509
0.313523 0.320000 1.131308 0.999852 0.006477 -0.131457
0.314311 0.320000 1.109358 0.999785 0.005689 -0.109573
0.315422 0.320000 1.086133 0.999672 0.004578 -0.086461
0.316490 0.320000 1.083087 0.999565 0.003510 -0.083522
0.317293 0.320000 1.102472 0.999521 0.002707 -0.102951
0.317791 0.320000 1.131870 0.999548 0.002209 -0.132322
0.318097 0.320000 1.121185 0.999597 0.001903 -0.121588
0.318754 0.320000 1.006010 0.999673 0.001246 -0.006337
0.319629 0.320000 0.957830 0.999708 0.000371 0.041878
0.320507 0.320000 0.943439 0.999717 -0.000507 0.056278
0.321500 0.320000 0.944131 0.999699 -0.001500 0.055568
0.322484 0.320000 0.952683 0.999669 -0.002484 0.046986
0.323341 0.320000 0.966966 0.999620 -0.003341 0.032654
0.324076 0.320000 0.985277 0.999645 -0.004076 0.014367
0.324789 0.320000 0.985013 0.999718 -0.004789 0.014705
0.324025 0.320000 0.962969 0.999812 -0.004025 0.036843
0.322439 0.320000 0.932971 0.999836 -0.002439 0.066865
0.320716 0.320000 0.896457 0.999804 -0.000716 0.103347
0.318967 0.320000 0.838058 0.999743 0.001033 0.161685
0.317179 0.320000 0.783045 0.983045 0.002821 0.200000
0.315727 0.320000 0.733613 0.933613 0.004273 0.200000
0.314558 0.320000 0.688626 0.888626 0.005442 0.200000
0.313679 0.320000 0.643699 0.843699 0.006321 0.200000
0.313132 0.320000 0.619455 0.819455 0.006868 0.200000
0.313015 0.320000 0.589566 0.789566 0.006985 0.200000
0.313362 0.320000 0.557769 0.757769 0.006638 0.200000
0.314117 0.320000 0.520361 0.720361 0.005883 0.200000
0.315139 0.320000 0.481708 0.681708 0.004861 0.200000
0.316231 0.320000 0.446001 0.646001 0.003769 0.200000
0.317193 0.320000 0.419365 0.619365 0.002807 0.200000
0.317950 0.320000 0.405833 0.605833 0.002050 0.200000
0.318510 0.320000 0.402577 0.602577 0.001490 0.200000
0.318892 0.320000 0.406727 0.606727 0.001108 0.200000
0.319169 0.320000 0.411577 0.611577 0.000831 0.200000
0.319402 0.320000 0.390221 0.590221 0.000598 0.200000
0.319491 0.320000 0.389423 0.589423 0.000509 0.200000
0.319439 0.320000 0.393600 0.593600 0.000561 0.200000
0.319614 0.320000 0.394574 0.594574 0.000386 0.200000
0.319514 0.320000 0.396998 0.596998 0.000486 0.200000
0.318684 0.320000 0.399902 0.599902 0.001316 0.200000
0.317218 0.320000 0.407425 0.607425 0.002782 0.200000
0.315027 0.320000 0.416846 0.616846 0.004973 0.200000
0.315246 0.320000 0.404830 0.604830 0.004754 0.200000
0.316843 0.320000 0.407670 0.607670 0.003157 0.200000
0.317415 0.320000 0.410705 0.610705 0.002585 0.200000
0.317678 0.320000 0.416662 0.616662 0.002322 0.200000
0.317923 0.320000 0.425057 0.625057 0.002077 0.200000
0.318299 0.320000 0.435174 0.635174 0.001701 0.200000
0.318831 0.320000 0.447984 0.647984 0.001169 0.200000
0.319546 0.320000 0.458011 0.658011 0.000454 0.200000
0.320442 0.320000 0.468402 0.668402 -0.000442 0.200000
0.321431 0.320000 0.479995 0.679995 -0.001431 0.200000
0.322442 0.320000 0.493729 0.693729 -0.002442 0.200000
0.323370 0.320000 0.508467 0.708467 -0.003370 0.200000
0.324160 0.320000 0.523208 0.723208 -0.004160 0.200000
0.324781 0.320000 0.539993 0.739993 -0.004781 0.200000
0.325210 0.320000 0.553766 0.753766 -0.005210 0.200000
0.325299 0.320000 0.566239 0.766239 -0.005299 0.200000
0.325074 0.320000 0.577971 0.777971 -0.005074 0.200000
0.324686 0.320000 0.591206 0.791206 -0.004686 0.200000
0.324157 0.320000 0.606815 0.806815 -0.004157 0.200000
0.323513 0.320000 0.620270 0.820270 -0.003513 0.200000
0.322935 0.320000 0.630335 0.830335 -0.002935 0.200000
0.323101 0.320000 0.621109 0.821109 -0.003101 0.200000
0.323327 0.320000 0.616084 0.816084 -0.003327 0.200000
0.322905 0.320000 0.608870 0.808870 -0.002905 0.200000
0.321119 0.320000 0.605516 0.805516 -0.001119 0.200000
0.317531 0.320000 0.611471 0.811471 0.002469 0.200000
0.316233 0.320000 0.599459 0.799459 0.003767 0.200000
0.315285 0.320000 0.584411 0.784411 0.004715 0.200000
0.314575 0.320000 0.569571 0.769571 0.005425 0.200000
0.314173 0.320000 0.555727 0.755727 0.005827 0.200000
0.314122 0.320000 0.542006 0.742006 0.005878 0.200000
0.314445 0.320000 0.528115 0.728115 0.005555 0.200000
0.315082 0.320000 0.515181 0.715181 0.004918 0.200000
0.315913 0.320000 0.504140 0.704140 0.004087 0.200000
0.316834 0.320000 0.493684 0.693684 0.003166 0.200000
0.317738 0.320000 0.489980 0.689980 0.002262 0.200000
0.318561 0.320000 0.491143 0.691143 0.001439 0.200000
0.319275 0.320000 0.497763 0.697763 0.000725 0.200000
0.319894 0.320000 0.507873 0.707873 0.000106 0.200000
0.320366 0.320000 0.520873 0.720873 -0.000366 0.200000
0.320651 0.320000 0.529104 0.729104 -0.000651 0.200000
0.320869 0.320000 0.535105 0.735105 -0.000869 0.200000
0.320957 0.320000 0.543413 0.743413 -0.000957 0.200000
0.320866 0.320000 0.551870 0.751870 -0.000866 0.200000
0.320657 0.320000 0.557698 0.757698 -0.000657 0.200000
0.320298 0.320000 0.560415 0.760415 -0.000298 0.200000
0.319198 0.320000 0.565209 0.765209 0.000802 0.200000
0.317587 0.320000 0.569393 0.769393 0.002413 0.200000
0.315647 0.320000 0.563449 0.763449 0.004353 0.200000
0.315356 0.320000 0.556083 0.756083 0.004644 0.200000
0.315383 0.320000 0.562762 0.762762 0.004617 0.200000
0.315081 0.320000 0.565301 0.765301 0.004919 0.200000
0.314821 0.320000 0.566252 0.766252 0.005179 0.200000
0.314760 0.320000 0.567599 0.767599 0.005240 0.200000
0.314964 0.320000 0.569838 0.769838 0.005036 0.200000
0.315440 0.320000 0.572565 0.772565 0.004560 0.200000
0.316196 0.320000 0.570641 0.770641 0.003804 0.200000
0.317196 0.320000 0.566306 0.766306 0.002804 0.200000
0.318336 0.320000 0.563652 0.763652 0.001664 0.200000
0.319487 0.320000 0.565780 0.765780 0.000513 0.200000
0.320527 0.320000 0.572715 0.772715 -0.000527 0.200000
0.321395 0.320000 0.583946 0.783946 -0.001395 0.200000
0.322072 0.320000 0.592241 0.792241 -0.002072 0.200000
0.322625 0.320000 0.593256 0.793256 -0.002625 0.200000
0.322953 0.320000 0.605301 0.805301 -0.002953 0.200000
0.323146 0.320000 0.622070 0.822070 -0.003146 0.200000
0.323341 0.320000 0.641776 0.841776 -0.003341 0.200000
0.323491 0.320000 0.661510 0.861510 -0.003491 0.200000
0.323507 0.320000 0.668029 0.868029 -0.003507 0.200000
0.323451 0.320000 0.677546 0.877546 -0.003451 0.200000
0.323494 0.320000 0.668055 0.868055 -0.003494 0.200000
0.323318 0.320000 0.668880 0.868880 -0.003318 0.200000
0.322837 0.320000 0.660468 0.860468 -0.002837 0.200000
0.322660 0.320000 0.644473 0.844473 -0.002660 0.200000
0.318993 0.320000 0.648262 0.848262 0.001007 0.200000
0.317998 0.320000 0.631473 0.831473 0.002002 0.200000
0.317138 0.320000 0.608750 0.808750 0.002862 0.200000
0.316487 0.320000 0.592279 0.792279 0.003513 0.200000
0.316123 0.320000 0.578471 0.778471 0.003877 0.200000
0.316106 0.320000 0.567945 0.767945 0.003894 0.200000
0.316457 0.320000 0.555823 0.755823 0.003543 0.200000
0.317167 0.320000 0.546501 0.746501 0.002833 0.200000
0.318090 0.320000 0.539025 0.739025 0.001910 0.200000
0.319086 0.320000 0.529453 0.729453 0.000914 0.200000
0.320023 0.320000 0.528066 0.728066 -0.000023 0.200000
0.320830 0.320000 0.531529 0.731529 -0.000830 0.200000
0.321482 0.320000 0.538478 0.738478 -0.001482 0.200000
0.321979 0.320000 0.550431 0.750431 -0.001979 0.200000
0.322282 0.320000 0.564788 0.764788 -0.002282 0.200000
0.322456 0.320000 0.549448 0.749448 -0.002456 0.200000
0.322507 0.320000 0.549337 0.749337 -0.002507 0.200000
0.322411 0.320000 0.556866 0.756866 -0.002411 0.200000
0.322155 0.320000 0.566414 0.766414 -0.002155 0.200000
0.321780 0.320000 0.575725 0.775725 -0.001780 0.200000
0.321063 0.320000 0.569115 0.769115 -0.001063 0.200000
0.319756 0.320000 0.566155 0.766155 0.000244 0.200000
0.318140 0.320000 0.567184 0.767184 0.001860 0.200000
0.316257 0.320000 0.565454 0.765454 0.003743 0.200000
0.316081 0.320000 0.569629 0.769629 0.003919 0.200000
0.316216 0.320000 0.577942 0.777942 0.003784 0.200000
0.316028 0.320000 0.578740 0.778740 0.003972 0.200000
0.315866 0.320000 0.575104 0.775104 0.004134 0.200000
0.315901 0.320000 0.571335 0.771335 0.004099 0.200000
0.316211 0.320000 0.568841 0.768841 0.003789 0.200000
0.316787 0.320000 0.569249 0.769249 0.003213 0.200000
0.317639 0.320000 0.568071 0.768071 0.002361 0.200000
0.318658 0.320000 0.566452 0.766452 0.001342 0.200000
0.319807 0.320000 0.567231 0.767231 0.000193 0.200000
0.320952 0.320000 0.571062 0.771062 -0.000952 0.200000
0.322003 0.320000 0.577881 0.777881 -0.002003 0.200000
0.322887 0.320000 0.586766 0.786766 -0.002887 0.200000
0.323582 0.320000 0.595683 0.795683 -0.003582 0.200000
0.324145 0.320000 0.599088 0.799088 -0.004145 0.200000
0.324457 0.320000 0.608442 0.808442 -0.004457 0.200000
0.324615 0.320000 0.623449 0.823449 -0.004615 0.200000
0.324676 0.320000 0.643442 0.843442 -0.004676 0.200000
0.324596 0.320000 0.648814 0.848814 -0.004596 0.200000
0.324326 0.320000 0.654274 0.854274 -0.004326 0.200000
0.324074 0.320000 0.663903 0.863903 -0.004074 0.200000
0.323604 0.320000 0.658484 0.858484 -0.003604 0.200000
0.323001 0.320000 0.652678 0.852678 -0.003001 0.200000
0.321838 0.320000 0.641474 0.841474 -0.001838 0.200000
0.320005 0.320000 0.630832 0.830832 -0.000005 0.200000
0.318748 0.320000 0.623009 0.823009 0.001252 0.200000
0.317944 0.320000 0.608305 0.808305 0.002056 0.200000
0.317287 0.320000 0.592855 0.792855 0.002713 0.200000
0.316835 0.320000 0.577523 0.777523 0.003165 0.200000
0.316660 0.320000 0.563848 0.763848 0.003340 0.200000
0.316778 0.320000 0.551631 0.751631 0.003222 0.200000
0.317251 0.320000 0.541594 0.741594 0.002749 0.200000
0.317976 0.320000 0.532436 0.732436 0.002024 0.200000
0.318949 0.320000 0.520682 0.720682 0.001051 0.200000
0.320025 0.320000 0.511317 0.711317 -0.000025 0.200000
0.321052 0.320000 0.507241 0.707241 -0.001052 0.200000
0.321946 0.320000 0.508386 0.708386 -0.001946 0.200000
0.322677 0.320000 0.515011 0.715011 -0.002677 0.200000
0.323230 0.320000 0.522389 0.722389 -0.003230 0.200000
0.323564 0.320000 0.534055 0.734055 -0.003564 0.200000
0.323596 0.320000 0.537737 0.737737 -0.003596 0.200000
0.323530 0.320000 0.542928 0.742928 -0.003530 0.200000
0.323362 0.320000 0.543798 0.743798 -0.003362 0.200000
0.323098 0.320000 0.543806 0.743806 -0.003098 0.200000
0.322764 0.320000 0.543595 0.743595 -0.002764 0.200000
0.322214 0.320000 0.541289 0.741289 -0.002214 0.200000
0.320992 0.320000 0.543205 0.743205 -0.000992 0.200000
0.319210 0.320000 0.542661 0.742661 0.000790 0.200000
0.317242 0.320000 0.540388 0.740388 0.002758 0.200000
0.317047 0.320000 0.546940 0.746940 0.002953 0.200000
0.317035 0.320000 0.554211 0.754211 0.002965 0.200000
0.316806 0.320000 0.554904 0.754904 0.003194 0.200000
0.316637 0.320000 0.553126 0.753126 0.003363 0.200000
0.316671 0.320000 0.550840 0.750840 0.003329 0.200000
0.316958 0.320000 0.548437 0.748437 0.003042 0.200000
0.317565 0.320000 0.549666 0.749666 0.002435 0.200000
0.318435 0.320000 0.549185 0.749185 0.001565 0.200000
0.319501 0.320000 0.548935 0.748935 0.000499 0.200000
0.320661 0.320000 0.549793 0.749793 -0.000661 0.200000
0.321796 0.320000 0.553638 0.753638 -0.001796 0.200000
0.322815 0.320000 0.559527 0.759527 -0.002815 0.200000
0.323678 0.320000 0.567914 0.767914 -0.003678 0.200000
0.324345 0.320000 0.577922 0.777922 -0.004345 0.200000
0.324820 0.320000 0.589236 0.789236 -0.004820 0.200000
0.324909 0.320000 0.598721 0.798721 -0.004909 0.200000
0.324827 0.320000 0.614308 0.814308 -0.004827 0.200000
0.324640 0.320000 0.627662 0.827662 -0.004640 0.200000
0.324282 0.320000 0.635655 0.835655 -0.004282 0.200000
0.323728 0.320000 0.645083 0.845083 -0.003728 0.200000
0.323462 0.320000 0.659405 0.859405 -0.003462 0.200000
0.322762 0.320000 0.659663 0.859663 -0.002762 0.200000
0.321809 0.320000 0.651575 0.851575 -0.001809 0.200000
0.320924 0.320000 0.637281 0.837281 -0.000924 0.200000
0.322843 0.320000 0.609644 0.809644 -0.002843 0.200000
0.317637 0.320000 0.626915 0.826915 0.002363 0.200000
0.316291 0.320000 0.614700 0.814700 0.003709 0.200000
0.315235 0.320000 0.599109 0.799109 0.004765 0.200000
0.314417 0.320000 0.583035 0.783035 0.005583 0.200000
0.313922 0.320000 0.567590 0.767590 0.006078 0.200000
0.313785 0.320000 0.552061 0.752061 0.006215 0.200000
0.313992 0.320000 0.539416 0.739416 0.006008 0.200000
0.314581 0.320000 0.525012 0.725012 0.005419 0.200000
0.315456 0.320000 0.516215 0.716215 0.004544 0.200000
0.316432 0.320000 0.507284 0.707284 0.003568 0.200000
0.317418 0.320000 0.503389 0.703389 0.002582 0.200000
0.318329 0.320000 0.504670 0.704670 0.001671 0.200000
0.319104 0.320000 0.509776 0.709776 0.000896 0.200000
0.319713 0.320000 0.519649 0.719649 0.000287 0.200000
0.320062 0.320000 0.531940 0.731940 -0.000062 0.200000
0.320198 0.320000 0.537016 0.737016 -0.000198 0.200000
0.320231 0.320000 0.542408 0.742408 -0.000231 0.200000
0.320159 0.320000 0.547027 0.747027 -0.000159 0.200000
0.319947 0.320000 0.553052 0.753052 0.000053 0.200000
0.319706 0.320000 0.555853 0.755853 0.000294 0.200000
0.318774 0.320000 0.553047 0.753047 0.001226 0.200000
0.317099 0.320000 0.555961 0.755961 0.002901 0.200000
0.314688 0.320000 0.552425 0.752425 0.005312 0.200000
0.312299 0.320000 0.549104 0.749104 0.007701 0.200000
0.312194 0.320000 0.558533 0.758533 0.007806 0.200000
0.311724 0.320000 0.564510 0.764510 0.008276 0.200000
0.311248 0.320000 0.566121 0.766121 0.008752 0.200000
0.310972 0.320000 0.564460 0.764460 0.009028 0.200000
0.311011 0.320000 0.562946 0.762946 0.008989 0.200000
0.311410 0.320000 0.561876 0.761876 0.008590 0.200000
0.312135 0.320000 0.558624 0.758624 0.007865 0.200000
0.313135 0.320000 0.556949 0.756949 0.006865 0.200000
0.314318 0.320000 0.556689 0.756689 0.005682 0.200000
0.315557 0.320000 0.559621 0.759621 0.004443 0.200000
0.316754 0.320000 0.565828 0.765828 0.003246 0.200000
0.317817 0.320000 0.574616 0.774616 0.002183 0.200000
0.318701 0.320000 0.585911 0.785911 0.001299 0.200000
0.319465 0.320000 0.587116 0.787116 0.000535 0.200000
0.320181 0.320000 0.594641 0.794641 -0.000181 0.200000
0.320572 0.320000 0.609261 0.809261 -0.000572 0.200000
0.320885 0.320000 0.628205 0.828205 -0.000885 0.200000
0.321127 0.320000 0.649200 0.849200 -0.001127 0.200000
0.321271 0.320000 0.603108 0.803108 -0.001271 0.200000
0.321228 0.320000 0.612243 0.812243 -0.001228 0.200000
0.321498 0.320000 0.621840 0.821840 -0.001498 0.200000
0.321308 0.320000 0.605883 0.805883 -0.001308 0.200000
0.321011 0.320000 0.598093 0.798093 -0.001011 0.200000
0.320292 0.320000 0.588069 0.788069 -0.000292 0.200000
0.317373 0.320000 0.593647 0.793647 0.002627 0.200000
0.316092 0.320000 0.589762 0.789762 0.003908 0.200000
0.315273 0.320000 0.578358 0.778358 0.004727 0.200000
0.314668 0.320000 0.565150 0.765150 0.005332 0.200000
0.314288 0.320000 0.549810 0.749810 0.005712 0.200000
0.314183 0.320000 0.534913 0.734913 0.005817 0.200000
0.314415 0.320000 0.528109 0.728109 0.005585 0.200000
0.314996 0.320000 0.519098 0.719098 0.005004 0.200000
0.315921 0.320000 0.511583 0.711583 0.004079 0.200000
0.317050 0.320000 0.504542 0.704542 0.002950 0.200000
0.318233 0.320000 0.497726 0.697726 0.001767 0.200000
0.319358 0.320000 0.495043 0.695043 0.000642 0.200000
0.320386 0.320000 0.497375 0.697375 -0.000386 0.200000
0.321254 0.320000 0.505342 0.705342 -0.001254 0.200000
0.321933 0.320000 0.521153 0.721153 -0.001933 0.200000
0.322301 0.320000 0.526732 0.726732 -0.002301 0.200000
0.322442 0.320000 0.535497 0.735497 -0.002442 0.200000
0.322470 0.320000 0.540439 0.740439 -0.002470 0.200000
0.322372 0.320000 0.546864 0.746864 -0.002372 0.200000
0.322113 0.320000 0.551854 0.751854 -0.002113 0.200000
0.321826 0.320000 0.556111 0.756111 -0.001826 0.200000
0.320823 0.320000 0.553504 0.753504 -0.000823 0.200000
0.319260 0.320000 0.553578 0.753578 0.000740 0.200000
0.317152 0.320000 0.555945 0.755945 0.002848 0.200000
0.315107 0.320000 0.551100 0.751100 0.004893 0.200000
0.315331 0.320000 0.566662 0.766662 0.004669 0.200000
0.314997 0.320000 0.571103 0.771103 0.005003 0.200000
0.314621 0.320000 0.571291 0.771291 0.005379 0.200000
0.314408 0.320000 0.568990 0.768990 0.005592 0.200000
0.314477 0.320000 0.565943 0.765943 0.005523 0.200000
0.314875 0.320000 0.564721 0.764721 0.005125 0.200000
0.315571 0.320000 0.562149 0.762149 0.004429 0.200000
0.316513 0.320000 0.560738 0.760738 0.003487 0.200000
0.317625 0.320000 0.559912 0.759912 0.002375 0.200000
0.318794 0.320000 0.562696 0.762696 0.001206 0.200000
0.319900 0.320000 0.568441 0.768441 0.000100 0.200000
0.320875 0.320000 0.577252 0.777252 -0.000875 0.200000
0.321673 0.320000 0.589186 0.789186 -0.001673 0.200000
0.322325 0.320000 0.595724 0.795724 -0.002325 0.200000
0.322858 0.320000 0.602803 0.802803 -0.002858 0.200000
0.323069 0.320000 0.617065 0.817065 -0.003069 0.200000
0.323194 0.320000 0.634846 0.834846 -0.003194 0.200000
0.323238 0.320000 0.614093 0.814093 -0.003238 0.200000
0.323159 0.320000 0.619679 0.819679 -0.003159 0.200000
0.322918 0.320000 0.628077 0.828077 -0.002918 0.200000
0.322806 0.320000 0.630028 0.830028 -0.002806 0.200000
0.322360 0.320000 0.621408 0.821408 -0.002360 0.200000
0.321827 0.320000 0.612974 0.812974 -0.001827 0.200000
0.320687 0.320000 0.600967 0.800967 -0.000687 0.200000
0.318185 0.320000 0.602082 0.802082 0.001815 0.200000
0.317118 0.320000 0.593514 0.793514 0.002882 0.200000
0.316330 0.320000 0.580287 0.780287 0.003670 0.200000
0.315700 0.320000 0.566273 0.766273 0.004300 0.200000
0.315306 0.320000 0.553273 0.753273 0.004694 0.200000
0.315237 0.320000 0.543942 0.743942 0.004763 0.200000
0.315467 0.320000 0.536041 0.736041 0.004533 0.200000
0.316083 0.320000 0.525774 0.725774 0.003917 0.200000
0.317001 0.320000 0.516909 0.716909 0.002999 0.200000
0.318070 0.320000 0.509990 0.709990 0.001930 0.200000
0.319198 0.320000 0.500813 0.700813 0.000802 0.200000
0.320251 0.320000 0.500909 0.700909 -0.000251 0.200000
0.321146 0.320000 0.506961 0.706961 -0.001146 0.200000
0.321892 0.320000 0.514524 0.714524 -0.001892 0.200000
0.322481 0.320000 0.528347 0.728347 -0.002481 0.200000
0.322726 0.320000 0.537071 0.737071 -0.002726 0.200000
0.322778 0.320000 0.545045 0.745045 -0.002778 0.200000
0.322703 0.320000 0.550559 0.750559 -0.002703 0.200000
0.322485 0.320000 0.558179 0.758179 -0.002485 0.200000
0.322113 0.320000 0.562631 0.762631 -0.002113 0.200000
0.321752 0.320000 0.562816 0.762816 -0.001752 0.200000
0.320523 0.320000 0.571027 0.771027 -0.000523 0.200000
0.318569 0.320000 0.576732 0.776732 0.001431 0.200000
0.315976 0.320000 0.577760 0.777760 0.004024 0.200000
0.313643 0.320000 0.573646 0.773646 0.006357 0.200000
0.313204 0.320000 0.586580 0.786580 0.006796 0.200000
0.312415 0.320000 0.590634 0.790634 0.007585 0.200000
0.311716 0.320000 0.590014 0.790014 0.008284 0.200000
0.311275 0.320000 0.587087 0.787087 0.008725 0.200000
0.311178 0.320000 0.584229 0.784229 0.008822 0.200000
0.311463 0.320000 0.581341 0.781341 0.008537 0.200000
0.312144 0.320000 0.578411 0.778411 0.007856 0.200000
0.313114 0.320000 0.575377 0.775377 0.006886 0.200000
0.314259 0.320000 0.574344 0.774344 0.005741 0.200000
0.315454 0.320000 0.577958 0.777958 0.004546 0.200000
0.316574 0.320000 0.586945 0.786945 0.003426 0.200000
0.317559 0.320000 0.597328 0.797328 0.002441 0.200000
0.318403 0.320000 0.610047 0.810047 0.001597 0.200000
0.319114 0.320000 0.609756 0.809756 0.000886 0.200000
0.319680 0.320000 0.619710 0.819710 0.000320 0.200000
0.319956 0.320000 0.637559 0.837559 0.000044 0.200000
0.320144 0.320000 0.658633 0.858633 -0.000144 0.200000
0.320251 0.320000 0.622853 0.822853 -0.000251 0.200000
0.320252 0.320000 0.635558 0.835558 -0.000252 0.200000
0.320087 0.320000 0.642147 0.842147 -0.000087 0.200000
0.320046 0.320000 0.641457 0.841457 -0.000046 0.200000
0.319381 0.320000 0.627570 0.827570 0.000619 0.200000
0.318817 0.320000 0.615519 0.815519 0.001183 0.200000
0.317352 0.320000 0.608859 0.808859 0.002648 0.200000
0.314952 0.320000 0.610879 0.810879 0.005048 0.200000
0.313958 0.320000 0.602537 0.802537 0.006042 0.200000
0.313200 0.320000 0.589545 0.789545 0.006800 0.200000
0.312639 0.320000 0.577324 0.777324 0.007361 0.200000
0.312345 0.320000 0.563180 0.763180 0.007655 0.200000
0.312402 0.320000 0.552340 0.752340 0.007598 0.200000
0.312823 0.320000 0.541922 0.741922 0.007177 0.200000
0.313605 0.320000 0.532276 0.732276 0.006395 0.200000
0.314669 0.320000 0.520867 0.720867 0.005331 0.200000
0.315886 0.320000 0.509300 0.709300 0.004114 0.200000
0.317196 0.320000 0.500207 0.700207 0.002804 0.200000
0.318411 0.320000 0.499404 0.699404 0.001589 0.200000
0.319468 0.320000 0.505812 0.705812 0.000532 0.200000
0.320333 0.320000 0.513055 0.713055 -0.000333 0.200000
0.321004 0.320000 0.530614 0.730614 -0.001004 0.200000
0.321282 0.320000 0.535250 0.735250 -0.001282 0.200000
0.321403 0.320000 0.542754 0.742754 -0.001403 0.200000
0.321414 0.320000 0.549004 0.749004 -0.001414 0.200000
0.321277 0.320000 0.559729 0.759729 -0.001277 0.200000
0.320982 0.320000 0.561570 0.761570 -0.000982 0.200000
0.320544 0.320000 0.563228 0.763228 -0.000544 0.200000
0.319257 0.320000 0.563055 0.763055 0.000743 0.200000
0.317370 0.320000 0.563335 0.763335 0.002630 0.200000
0.315082 0.320000 0.562211 0.762211 0.004918 0.200000
0.313802 0.320000 0.565030 0.765030 0.006198 0.200000
0.313870 0.320000 0.579841 0.779841 0.006130 0.200000
0.313568 0.320000 0.585578 0.785578 0.006432 0.200000
0.313309 0.320000 0.584725 0.784725 0.006691 0.200000
0.313268 0.320000 0.583826 0.783826 0.006732 0.200000
0.313542 0.320000 0.582382 0.782382 0.006458 0.200000
0.314143 0.320000 0.580410 0.780410 0.005857 0.200000
0.315034 0.320000 0.581185 0.781185 0.004966 0.200000
0.316173 0.320000 0.580321 0.780321 0.003827 0.200000
0.317465 0.320000 0.580687 0.780687 0.002535 0.200000
0.318746 0.320000 0.583656 0.783656 0.001254 0.200000
0.319903 0.320000 0.589906 0.789906 0.000097 0.200000
0.320874 0.320000 0.600464 0.800464 -0.000874 0.200000
0.321647 0.320000 0.610044 0.810044 -0.001647 0.200000
0.322335 0.320000 0.606716 0.806716 -0.002335 0.200000
0.322814 0.320000 0.617541 0.817541 -0.002814 0.200000
0.323040 0.320000 0.636127 0.836127 -0.003040 0.200000
0.323160 0.320000 0.659161 0.859161 -0.003160 0.200000
0.323146 0.320000 0.682700 0.882700 -0.003146 0.200000
0.322985 0.320000 0.702047 0.902047 -0.002985 0.200000
0.322985 0.320000 0.656987 0.856987 -0.002985 0.200000
0.323018 0.320000 0.663274 0.863274 -0.003018 0.200000
0.322218 0.320000 0.645271 0.845271 -0.002218 0.200000
0.321372 0.320000 0.633317 0.833317 -0.001372 0.200000
0.321048 0.320000 0.613080 0.813080 -0.001048 0.200000
0.324728 0.320000 0.603024 0.803024 -0.004728 0.200000
0.319709 0.320000 0.632863 0.832863 0.000291 0.200000
0.317591 0.320000 0.631889 0.831889 0.002409 0.200000
0.316029 0.320000 0.622749 0.822749 0.003971 0.200000
0.314872 0.320000 0.608729 0.808729 0.005128 0.200000
0.314121 0.320000 0.591117 0.791117 0.005879 0.200000
0.313787 0.320000 0.578685 0.778685 0.006213 0.200000
0.313917 0.320000 0.567144 0.767144 0.006083 0.200000
0.314484 0.320000 0.553978 0.753978 0.005516 0.200000
0.315290 0.320000 0.544726 0.744726 0.004710 0.200000
0.316207 0.320000 0.540653 0.740653 0.003793 0.200000
0.317042 0.320000 0.541483 0.741483 0.002958 0.200000
0.317722 0.320000 0.546335 0.746335 0.002278 0.200000
0.318234 0.320000 0.559823 0.759823 0.001766 0.200000
0.318559 0.320000 0.573610 0.773610 0.001441 0.200000
0.318615 0.320000 0.580504 0.780504 0.001385 0.200000
0.318575 0.320000 0.587927 0.787927 0.001425 0.200000
0.318449 0.320000 0.591391 0.791391 0.001551 0.200000
0.318232 0.320000 0.592144 0.792144 0.001768 0.200000
0.317938 0.320000 0.594354 0.794354 0.002062 0.200000
0.317485 0.320000 0.586155 0.786155 0.002515 0.200000
0.316236 0.320000 0.585475 0.785475 0.003764 0.200000
0.314592 0.320000 0.591463 0.791463 0.005408 0.200000
0.312651 0.320000 0.587893 0.787893 0.007349 0.200000
0.311875 0.320000 0.593207 0.793207 0.008125 0.200000
0.311830 0.320000 0.605128 0.805128 0.008170 0.200000
0.311526 0.320000 0.606563 0.806563 0.008474 0.200000
0.311309 0.320000 0.604035 0.804035 0.008691 0.200000
0.311333 0.320000 0.602000 0.802000 0.008667 0.200000
0.311666 0.320000 0.600967 0.800967 0.008334 0.200000
0.312302 0.320000 0.599936 0.799936 0.007698 0.200000
0.313216 0.320000 0.599251 0.799251 0.006784 0.200000
0.314328 0.320000 0.598225 0.798225 0.005672 0.200000
0.315657 0.320000 0.599141 0.799141 0.004343 0.200000
0.317027 0.320000 0.603743 0.803743 0.002973 0.200000
0.318299 0.320000 0.608754 0.808754 0.001701 0.200000
0.319384 0.320000 0.620134 0.820134 0.000616 0.200000
0.320254 0.320000 0.628119 0.828119 -0.000254 0.200000
0.321026 0.320000 0.624883 0.824883 -0.001026 0.200000
0.321574 0.320000 0.632149 0.832149 -0.001574 0.200000
0.321962 0.320000 0.647246 0.847246 -0.001962 0.200000
0.322252 0.320000 0.666414 0.866414 -0.002252 0.200000
0.322438 0.320000 0.688499 0.888499 -0.002438 0.200000
0.322470 0.320000 0.654661 0.854661 -0.002470 0.200000
0.322515 0.320000 0.668099 0.868099 -0.002515 0.200000
0.322411 0.320000 0.666122 0.866122 -0.002411 0.200000
0.321934 0.320000 0.657950 0.857950 -0.001934 0.200000
0.321311 0.320000 0.658330 0.858330 -0.001311 0.200000
0.321690 0.320000 0.639482 0.839482 -0.001690 0.200000
0.317261 0.320000 0.655899 0.855899 0.002739 0.200000
0.316325 0.320000 0.646203 0.846203 0.003675 0.200000
0.315532 0.320000 0.631145 0.831145 0.004468 0.200000
0.314939 0.320000 0.615285 0.815285 0.005061 0.200000
0.314635 0.320000 0.599963 0.799963 0.005365 0.200000
0.314657 0.320000 0.588168 0.788168 0.005343 0.200000
0.315051 0.320000 0.574372 0.774372 0.004949 0.200000
0.315815 0.320000 0.564925 0.764925 0.004185 0.200000
0.316809 0.320000 0.554120 0.754120 0.003191 0.200000
0.317908 0.320000 0.547895 0.747895 0.002092 0.200000
0.318962 0.320000 0.543458 0.743458 0.001038 0.200000
0.319888 0.320000 0.543646 0.743646 0.000112 0.200000
0.320660 0.320000 0.552983 0.752983 -0.000660 0.200000
0.321266 0.320000 0.565277 0.765277 -0.001266 0.200000
0.321661 0.320000 0.578169 0.778169 -0.001661 0.200000
0.321762 0.320000 0.569535 0.769535 -0.001762 0.200000
0.321860 0.320000 0.579204 0.779204 -0.001860 0.200000
0.321841 0.320000 0.584080 0.784080 -0.001841 0.200000
0.321668 0.320000 0.592961 0.792961 -0.001668 0.200000
0.321311 0.320000 0.603076 0.803076 -0.001311 0.200000
0.320544 0.320000 0.602994 0.802994 -0.000544 0.200000
0.319154 0.320000 0.606560 0.806560 0.000846 0.200000
0.317118 0.320000 0.607597 0.807597 0.002882 0.200000
0.314982 0.320000 0.602623 0.802623 0.005018 0.200000
0.314781 0.320000 0.604287 0.804287 0.005219 0.200000
0.314731 0.320000 0.610753 0.810753 0.005269 0.200000
0.314464 0.320000 0.610705 0.810705 0.005536 0.200000
0.314288 0.320000 0.608235 0.808235 0.005712 0.200000
0.314345 0.320000 0.605882 0.805882 0.005655 0.200000
0.314703 0.320000 0.601878 0.801878 0.005297 0.200000
0.315363 0.320000 0.600584 0.800584 0.004637 0.200000
0.316290 0.320000 0.599901 0.799901 0.003710 0.200000
0.317424 0.320000 0.598222 0.798222 0.002576 0.200000
0.318655 0.320000 0.598691 0.798691 0.001345 0.200000
0.319847 0.320000 0.602604 0.802604 0.000153 0.200000
0.320906 0.320000 0.609674 0.809674 -0.000906 0.200000
0.321809 0.320000 0.618938 0.818938 -0.001809 0.200000
0.322549 0.320000 0.615616 0.815616 -0.002549 0.200000
0.323260 0.320000 0.616497 0.816497 -0.003260 0.200000
0.323647 0.320000 0.627908 0.827908 -0.003647 0.200000
0.323857 0.320000 0.644577 0.844577 -0.003857 0.200000
0.323973 0.320000 0.665104 0.865104 -0.003973 0.200000
0.323961 0.320000 0.686304 0.886304 -0.003961 0.200000
0.323799 0.320000 0.705409 0.905409 -0.003799 0.200000
0.323962 0.320000 0.641096 0.841096 -0.003962 0.200000
0.323500 0.320000 0.628672 0.828672 -0.003500 0.200000
0.322924 0.320000 0.614761 0.814761 -0.002924 0.200000
0.322260 0.320000 0.598260 0.798260 -0.002260 0.200000
0.324504 0.320000 0.575563 0.775563 -0.004504 0.200000
0.319627 0.320000 0.604915 0.804915 0.000373 0.200000
0.318417 0.320000 0.600002 0.800002 0.001583 0.200000
0.317462 0.320000 0.588646 0.788646 0.002538 0.200000
0.316730 0.320000 0.577008 0.777008 0.003270 0.200000
0.316292 0.320000 0.564974 0.764974 0.003708 0.200000
0.316200 0.320000 0.551870 0.751870 0.003800 0.200000
0.316479 0.320000 0.543486 0.743486 0.003521 0.200000
0.317096 0.320000 0.533891 0.733891 0.002904 0.200000
0.318027 0.320000 0.524043 0.724043 0.001973 0.200000
0.319086 0.320000 0.516910 0.716910 0.000914 0.200000
0.320155 0.320000 0.513021 0.713021 -0.000155 0.200000
0.321092 0.320000 0.514779 0.714779 -0.001092 0.200000
0.321846 0.320000 0.523500 0.723500 -0.001846 0.200000
0.322425 0.320000 0.538049 0.738049 -0.002425 0.200000
0.322739 0.320000 0.550882 0.750882 -0.002739 0.200000
0.322757 0.320000 0.559018 0.759018 -0.002757 0.200000
0.322655 0.320000 0.565316 0.765316 -0.002655 0.200000
0.322416 0.320000 0.571998 0.771998 -0.002416 0.200000
0.322023 0.320000 0.576496 0.776496 -0.002023 0.200000
0.321587 0.320000 0.580262 0.780262 -0.001587 0.200000
0.320720 0.320000 0.582966 0.782966 -0.000720 0.200000
0.319148 0.320000 0.589316 0.789316 0.000852 0.200000
0.316844 0.320000 0.587501 0.787501 0.003156 0.200000
0.314500 0.320000 0.582885 0.782885 0.005500 0.200000
0.313886 0.320000 0.597905 0.797905 0.006114 0.200000
0.313535 0.320000 0.605897 0.805897 0.006465 0.200000
0.313126 0.320000 0.607567 0.807567 0.006874 0.200000
0.312861 0.320000 0.605124 0.805124 0.007139 0.200000
0.312859 0.320000 0.601568 0.801568 0.007141 0.200000
0.313188 0.320000 0.599284 0.799284 0.006812 0.200000
0.313876 0.320000 0.599014 0.799014 0.006124 0.200000
0.314841 0.320000 0.597407 0.797407 0.005159 0.200000
0.316029 0.320000 0.596131 0.796131 0.003971 0.200000
0.317287 0.320000 0.596649 0.796649 0.002713 0.200000
0.318490 0.320000 0.599993 0.799993 0.001510 0.200000
0.319582 0.320000 0.607635 0.807635 0.000418 0.200000
0.320485 0.320000 0.620487 0.820487 -0.000485 0.200000
0.321217 0.320000 0.623875 0.823875 -0.001217 0.200000
0.321913 0.320000 0.623638 0.823638 -0.001913 0.200000
0.322230 0.320000 0.635773 0.835773 -0.002230 0.200000
0.322427 0.320000 0.655718 0.855718 -0.002427 0.200000
0.322519 0.320000 0.678432 0.878432 -0.002519 0.200000
0.322489 0.320000 0.700241 0.900241 -0.002489 0.200000
0.322344 0.320000 0.644444 0.844444 -0.002344 0.200000
0.322793 0.320000 0.665642 0.865642 -0.002793 0.200000
0.322297 0.320000 0.659684 0.859684 -0.002297 0.200000
0.321448 0.320000 0.648957 0.848957 -0.001448 0.200000
0.320706 0.320000 0.638584 0.838584 -0.000706 0.200000
0.322427 0.320000 0.614730 0.814730 -0.002427 0.200000
0.322306 0.320000 0.632084 0.832084 -0.002306 0.200000
0.318262 0.320000 0.653166 0.853166 0.001738 0.200000
0.316292 0.320000 0.645370 0.845370 0.003708 0.200000
0.314812 0.320000 0.630844 0.830844 0.005188 0.200000
0.313768 0.320000 0.616872 0.816872 0.006232 0.200000
0.313177 0.320000 0.602415 0.802415 0.006823 0.200000
0.313069 0.320000 0.586932 0.786932 0.006931 0.200000
0.313441 0.320000 0.566686 0.766686 0.006559 0.200000
0.314152 0.320000 0.550250 0.750250 0.005848 0.200000
0.315000 0.320000 0.539114 0.739114 0.005000 0.200000
0.315814 0.320000 0.537168 0.737168 0.004186 0.200000
0.316506 0.320000 0.541844 0.741844 0.003494 0.200000
0.317054 0.320000 0.552469 0.752469 0.002946 0.200000
0.317461 0.320000 0.567346 0.767346 0.002539 0.200000
0.317709 0.320000 0.581149 0.781149 0.002291 0.200000
0.318003 0.320000 0.592719 0.792719 0.001997 0.200000
0.318240 0.320000 0.596574 0.796574 0.001760 0.200000
0.318363 0.320000 0.600296 0.800296 0.001637 0.200000
0.318350 0.320000 0.606183 0.806183 0.001650 0.200000
0.318198 0.320000 0.606002 0.806002 0.001802 0.200000
0.317623 0.320000 0.601576 0.801576 0.002377 0.200000
0.316556 0.320000 0.607456 0.807456 0.003444 0.200000
0.315058 0.320000 0.611254 0.811254 0.004942 0.200000
0.313312 0.320000 0.606147 0.806147 0.006688 0.200000
0.313380 0.320000 0.615788 0.815788 0.006620 0.200000
0.313199 0.320000 0.622295 0.822295 0.006801 0.200000
0.312925 0.320000 0.621847 0.821847 0.007075 0.200000
0.312764 0.320000 0.618643 0.818643 0.007236 0.200000
0.312851 0.320000 0.618534 0.818534 0.007149 0.200000
0.313213 0.320000 0.617200 0.817200 0.006787 0.200000
0.313899 0.320000 0.617259 0.817259 0.006101 0.200000
0.314865 0.320000 0.616565 0.816565 0.005135 0.200000
0.316014 0.320000 0.614289 0.814289 0.003986 0.200000
0.317323 0.320000 0.611177 0.811177 0.002677 0.200000
0.318614 0.320000 0.613300 0.813300 0.001386 0.200000
0.319769 0.320000 0.621427 0.821427 0.000231 0.200000
0.320715 0.320000 0.633412 0.833412 -0.000715 0.200000
0.321508 0.320000 0.627584 0.827584 -0.001508 0.200000
0.322311 0.320000 0.628840 0.828840 -0.002311 0.200000
0.322749 0.320000 0.637761 0.837761 -0.002749 0.200000
0.323101 0.320000 0.654638 0.854638 -0.003101 0.200000
0.323333 0.320000 0.676783 0.876783 -0.003333 0.200000
0.323420 0.320000 0.699508 0.899508 -0.003420 0.200000
0.323345 0.320000 0.720869 0.920869 -0.003345 0.200000
0.323340 0.320000 0.737448 0.937448 -0.003340 0.200000
0.323113 0.320000 0.731426 0.931426 -0.003113 0.200000
0.322671 0.320000 0.722149 0.922149 -0.002671 0.200000
0.322218 0.320000 0.709597 0.909597 -0.002218 0.200000
0.319571 0.320000 0.710066 0.910066 0.000429 0.200000
0.318619 0.320000 0.698474 0.898474 0.001381 0.200000
0.317914 0.320000 0.680464 0.880464 0.002086 0.200000
0.317331 0.320000 0.661246 0.861246 0.002669 0.200000
0.316926 0.320000 0.645371 0.845371 0.003074 0.200000
0.316805 0.320000 0.629931 0.829931 0.003195 0.200000
0.317047 0.320000 0.614417 0.814417 0.002953 0.200000
0.317659 0.320000 0.598691 0.798691 0.002341 0.200000
0.318533 0.320000 0.584108 0.784108 0.001467 0.200000
0.319583 0.320000 0.570089 0.770089 0.000417 0.200000
0.320644 0.320000 0.560837 0.760837 -0.000644 0.200000
0.321617 0.320000 0.557657 0.757657 -0.001617 0.200000
0.322469 0.320000 0.561651 0.761651 -0.002469 0.200000
0.323141 0.320000 0.570744 0.770744 -0.003141 0.200000
0.323615 0.320000 0.583008 0.783008 -0.003615 0.200000
0.323774 0.320000 0.591607 0.791607 -0.003774 0.200000
0.323686 0.320000 0.593728 0.793728 -0.003686 0.200000
0.323466 0.320000 0.599070 0.799070 -0.003466 0.200000
0.323138 0.320000 0.597996 0.797996 -0.003138 0.200000
0.322695 0.320000 0.600841 0.800841 -0.002695 0.200000
0.322253 0.320000 0.599352 0.799352 -0.002253 0.200000
0.321164 0.320000 0.593852 0.793852 -0.001164 0.200000
0.319615 0.320000 0.599883 0.799883 0.000385 0.200000
0.317351 0.320000 0.600135 0.800135 0.002649 0.200000
0.315120 0.320000 0.596185 0.796185 0.004880 0.200000
0.315290 0.320000 0.616669 0.816669 0.004710 0.200000
0.314979 0.320000 0.622269 0.822269 0.005021 0.200000
0.314595 0.320000 0.620681 0.820681 0.005405 0.200000
0.314353 0.320000 0.618085 0.818085 0.005647 0.200000
0.314397 0.320000 0.618376 0.818376 0.005603 0.200000
0.314809 0.320000 0.615396 0.815396 0.005191 0.200000
0.315571 0.320000 0.611631 0.811631 0.004429 0.200000
0.316598 0.320000 0.607232 0.807232 0.003402 0.200000
0.317801 0.320000 0.605720 0.805720 0.002199 0.200000
0.319038 0.320000 0.607158 0.807158 0.000962 0.200000
0.320185 0.320000 0.611925 0.811925 -0.000185 0.200000
0.321162 0.320000 0.620749 0.820749 -0.001162 0.200000
0.321985 0.320000 0.605189 0.805189 -0.001985 0.200000
0.322831 0.320000 0.599335 0.799335 -0.002831 0.200000
0.323578 0.320000 0.608037 0.808037 -0.003578 0.200000
0.323908 0.320000 0.622517 0.822517 -0.003908 0.200000
0.324106 0.320000 0.640860 0.840860 -0.004106 0.200000
0.324188 0.320000 0.661181 0.861181 -0.004188 0.200000
0.324139 0.320000 0.681149 0.881149 -0.004139 0.200000
0.323955 0.320000 0.702389 0.902389 -0.003955 0.200000
0.323874 0.320000 0.721006 0.921006 -0.003874 0.200000
0.323581 0.320000 0.736970 0.936970 -0.003581 0.200000
0.323074 0.320000 0.597656 0.797656 -0.003074 0.200000
0.322398 0.320000 0.580158 0.780158 -0.002398 0.200000
0.323855 0.320000 0.560605 0.760605 -0.003855 0.200000
0.320583 0.320000 0.579942 0.779942 -0.000583 0.200000
0.319657 0.320000 0.578545 0.778545 0.000343 0.200000
0.318992 0.320000 0.569135 0.769135 0.001008 0.200000
0.318547 0.320000 0.561419 0.761419 0.001453 0.200000
0.318398 0.320000 0.552553 0.752553 0.001602 0.200000
0.318576 0.320000 0.543214 0.743214 0.001424 0.200000
0.319125 0.320000 0.533221 0.733221 0.000875 0.200000
0.319993 0.320000 0.524718 0.724718 0.000007 0.200000
0.321015 0.320000 0.518908 0.718908 -0.001015 0.200000
0.322038 0.320000 0.517130 0.717130 -0.002038 0.200000
0.322965 0.320000 0.517063 0.717063 -0.002965 0.200000
0.323763 0.320000 0.523402 0.723402 -0.003763 0.200000
0.324381 0.320000 0.534274 0.734274 -0.004381 0.200000
0.324808 0.320000 0.547746 0.747746 -0.004808 0.200000
0.324840 0.320000 0.554326 0.754326 -0.004840 0.200000
0.324699 0.320000 0.561026 0.761026 -0.004699 0.200000
0.324462 0.320000 0.560776 0.760776 -0.004462 0.200000
0.324136 0.320000 0.566371 0.766371 -0.004136 0.200000
0.323688 0.320000 0.566831 0.766831 -0.003688 0.200000
0.323126 0.320000 0.564413 0.764413 -0.003126 0.200000
0.321811 0.320000 0.562903 0.762903 -0.001811 0.200000
0.319859 0.320000 0.564278 0.764278 0.000141 0.200000
0.317691 0.320000 0.562109 0.762109 0.002309 0.200000
0.316446 0.320000 0.562159 0.762159 0.003554 0.200000
0.316898 0.320000 0.577361 0.777361 0.003102 0.200000
0.316843 0.320000 0.585966 0.785966 0.003157 0.200000
0.316710 0.320000 0.585594 0.785594 0.003290 0.200000
0.316717 0.320000 0.584398 0.784398 0.003283 0.200000
0.316961 0.320000 0.583571 0.783571 0.003039 0.200000
0.317466 0.320000 0.581147 0.781147 0.002534 0.200000
0.318293 0.320000 0.580295 0.780295 0.001707 0.200000
0.319338 0.320000 0.579666 0.779666 0.000662 0.200000
0.320503 0.320000 0.578812 0.778812 -0.000503 0.200000
0.321671 0.320000 0.582475 0.782475 -0.001671 0.200000
0.322747 0.320000 0.588511 0.788511 -0.002747 0.200000
0.323656 0.320000 0.596582 0.796582 -0.003656 0.200000
0.324378 0.320000 0.602572 0.802572 -0.004378 0.200000
0.325012 0.320000 0.596733 0.796733 -0.005012 0.200000
0.325433 0.320000 0.606112 0.806112 -0.005433 0.200000
0.325590 0.320000 0.620286 0.820286 -0.005590 0.200000
0.325624 0.320000 0.638896 0.838896 -0.005624 0.200000
0.325541 0.320000 0.658834 0.858834 -0.005541 0.200000
0.325296 0.320000 0.610585 0.810585 -0.005296 0.200000
0.324966 0.320000 0.623208 0.823208 -0.004966 0.200000
0.325078 0.320000 0.624347 0.824347 -0.005078 0.200000
0.324347 0.320000 0.617827 0.817827 -0.004347 0.200000
0.323473 0.320000 0.604580 0.804580 -0.003473 0.200000
0.322828 0.320000 0.582931 0.782931 -0.002828 0.200000
0.325937 0.320000 0.569516 0.769516 -0.005937 0.200000
0.321277 0.320000 0.593450 0.793450 -0.001277 0.200000
0.319497 0.320000 0.590902 0.790902 0.000503 0.200000
0.318190 0.320000 0.580199 0.780199 0.001810 0.200000
0.317248 0.320000 0.570220 0.770220 0.002752 0.200000
0.316685 0.320000 0.561428 0.761428 0.003315 0.200000
0.316534 0.320000 0.551638 0.751638 0.003466 0.200000
0.316819 0.320000 0.540261 0.740261 0.003181 0.200000
0.317446 0.320000 0.527276 0.727276 0.002554 0.200000
0.318233 0.320000 0.521482 0.721482 0.001767 0.200000
0.319027 0.320000 0.517015 0.717015 0.000973 0.200000
0.319715 0.320000 0.521118 0.721118 0.000285 0.200000
0.320258 0.320000 0.529394 0.729394 -0.000258 0.200000
0.320661 0.320000 0.540598 0.740598 -0.000661 0.200000
0.320881 0.320000 0.552976 0.752976 -0.000881 0.200000
0.320817 0.320000 0.558752 0.758752 -0.000817 0.200000
0.320661 0.320000 0.569419 0.769419 -0.000661 0.200000
0.320466 0.320000 0.580385 0.780385 -0.000466 0.200000
0.320201 0.320000 0.580116 0.780116 -0.000201 0.200000
0.319811 0.320000 0.583347 0.783347 0.000189 0.200000
0.319357 0.320000 0.585801 0.785801 0.000643 0.200000
0.318032 0.320000 0.585945 0.785945 0.001968 0.200000
0.316131 0.320000 0.587889 0.787889 0.003869 0.200000
0.314026 0.320000 0.583365 0.783365 0.005974 0.200000
0.313343 0.320000 0.584235 0.784235 0.006657 0.200000
0.313353 0.320000 0.591080 0.791080 0.006647 0.200000
0.313053 0.320000 0.591489 0.791489 0.006947 0.200000
0.312778 0.320000 0.587369 0.787369 0.007222 0.200000
0.312706 0.320000 0.584045 0.784045 0.007294 0.200000
0.312949 0.320000 0.581507 0.781507 0.007051 0.200000
0.313487 0.320000 0.580408 0.780408 0.006513 0.200000
0.314346 0.320000 0.579758 0.779758 0.005654 0.200000
0.315462 0.320000 0.580864 0.780864 0.004538 0.200000
0.316723 0.320000 0.579900 0.779900 0.003277 0.200000
0.317981 0.320000 0.579823 0.779823 0.002019 0.200000
0.319145 0.320000 0.585465 0.785465 0.000855 0.200000
0.320145 0.320000 0.593880 0.793880 -0.000145 0.200000
0.320979 0.320000 0.600598 0.800598 -0.000979 0.200000
0.321779 0.320000 0.593702 0.793702 -0.001779 0.200000
0.322351 0.320000 0.601111 0.801111 -0.002351 0.200000
0.322701 0.320000 0.617692 0.817692 -0.002701 0.200000
0.322926 0.320000 0.637228 0.837228 -0.002926 0.200000
0.323019 0.320000 0.657342 0.857342 -0.003019 0.200000
0.322936 0.320000 0.676482 0.876482 -0.002936 0.200000
0.322925 0.320000 0.615040 0.815040 -0.002925 0.200000
0.322786 0.320000 0.607392 0.807392 -0.002786 0.200000
0.322318 0.320000 0.601617 0.801617 -0.002318 0.200000
0.321676 0.320000 0.589722 0.789722 -0.001676 0.200000
0.321838 0.320000 0.572632 0.772632 -0.001838 0.200000
0.320843 0.320000 0.583488 0.783488 -0.000843 0.200000
0.318931 0.320000 0.588966 0.788966 0.001069 0.200000
0.317745 0.320000 0.578805 0.778805 0.002255 0.200000
0.316843 0.320000 0.569043 0.769043 0.003157 0.200000
0.316282 0.320000 0.557896 0.757896 0.003718 0.200000
0.316065 0.320000 0.548937 0.748937 0.003935 0.200000
0.316237 0.320000 0.538786 0.738786 0.003763 0.200000
0.316740 0.320000 0.530541 0.730541 0.003260 0.200000
0.317559 0.320000 0.524904 0.724904 0.002441 0.200000
0.318517 0.320000 0.523183 0.723183 0.001483 0.200000
0.319460 0.320000 0.520705 0.720705 0.000540 0.200000
0.320272 0.320000 0.527346 0.727346 -0.000272 0.200000
0.320922 0.320000 0.535186 0.735186 -0.000922 0.200000
0.321424 0.320000 0.545884 0.745884 -0.001424 0.200000
0.321741 0.320000 0.556962 0.756962 -0.001741 0.200000
0.321773 0.320000 0.562786 0.762786 -0.001773 0.200000
0.321685 0.320000 0.569583 0.769583 -0.001685 0.200000
0.321470 0.320000 0.574659 0.774659 -0.001470 0.200000
0.321154 0.320000 0.583256 0.783256 -0.001154 0.200000
0.320786 0.320000 0.585778 0.785778 -0.000786 0.200000
0.320178 0.320000 0.586470 0.786470 -0.000178 0.200000
0.318822 0.320000 0.587825 0.787825 0.001178 0.200000
0.317058 0.320000 0.590158 0.790158 0.002942 0.200000
0.315083 0.320000 0.587063 0.787063 0.004917 0.200000
0.314732 0.320000 0.588384 0.788384 0.005268 0.200000
0.314559 0.320000 0.593306 0.793306 0.005441 0.200000
0.314235 0.320000 0.591844 0.791844 0.005765 0.200000
0.314018 0.320000 0.587877 0.787877 0.005982 0.200000
0.314040 0.320000 0.582019 0.782019 0.005960 0.200000
0.314381 0.320000 0.578538 0.778538 0.005619 0.200000
0.315011 0.320000 0.575877 0.775877 0.004989 0.200000
0.315917 0.320000 0.575396 0.775396 0.004083 0.200000
0.317039 0.320000 0.572767 0.772767 0.002961 0.200000
0.318266 0.320000 0.570265 0.770265 0.001734 0.200000
0.319461 0.320000 0.574402 0.774402 0.000539 0.200000
0.320527 0.320000 0.579995 0.779995 -0.000527 0.200000
0.321415 0.320000 0.590749 0.790749 -0.001415 0.200000
0.322175 0.320000 0.579848 0.779848 -0.002175 0.200000
0.322955 0.320000 0.581201 0.781201 -0.002955 0.200000
0.323405 0.320000 0.591800 0.791800 -0.003405 0.200000
0.323696 0.320000 0.608315 0.808315 -0.003696 0.200000
0.323888 0.320000 0.627433 0.827433 -0.003888 0.200000
0.323960 0.320000 0.647420 0.847420 -0.003960 0.200000
0.323887 0.320000 0.665737 0.865737 -0.003887 0.200000
0.324139 0.320000 0.695053 0.895053 -0.004139 0.200000
0.323866 0.320000 0.686365 0.886365 -0.003866 0.200000
0.323404 0.320000 0.675109 0.875109 -0.003404 0.200000
0.322666 0.320000 0.659994 0.859994 -0.002666 0.200000
0.322616 0.320000 0.638665 0.838665 -0.002616 0.200000
0.323975 0.320000 0.611117 0.811117 -0.003975 0.200000
0.320527 0.320000 0.623964 0.823964 -0.000527 0.200000
0.319158 0.320000 0.618268 0.818268 0.000842 0.200000
0.318161 0.320000 0.607283 0.807283 0.001839 0.200000
0.317500 0.320000 0.593618 0.793618 0.002500 0.200000
0.317199 0.320000 0.582711 0.782711 0.002801 0.200000
0.317310 0.320000 0.566545 0.766545 0.002690 0.200000
0.317819 0.320000 0.553062 0.753062 0.002181 0.200000
0.318581 0.320000 0.538348 0.738348 0.001419 0.200000
0.319423 0.320000 0.527672 0.727672 0.000577 0.200000
0.320210 0.320000 0.525595 0.725595 -0.000210 0.200000
0.320889 0.320000 0.528767 0.728767 -0.000889 0.200000
0.321422 0.320000 0.535160 0.735160 -0.001422 0.200000
0.321803 0.320000 0.544667 0.744667 -0.001803 0.200000
0.321946 0.320000 0.554095 0.754095 -0.001946 0.200000
0.321872 0.320000 0.558836 0.758836 -0.001872 0.200000
0.321717 0.320000 0.566445 0.766445 -0.001717 0.200000
0.321501 0.320000 0.566962 0.766962 -0.001501 0.200000
0.321225 0.320000 0.572998 0.772998 -0.001225 0.200000
0.320940 0.320000 0.571633 0.771633 -0.000940 0.200000
0.320043 0.320000 0.570061 0.770061 -0.000043 0.200000
0.318423 0.320000 0.570144 0.770144 0.001577 0.200000
0.316393 0.320000 0.569654 0.769654 0.003607 0.200000
0.314343 0.320000 0.562712 0.762712 0.005657 0.200000
0.314753 0.320000 0.569515 0.769515 0.005247 0.200000
0.314632 0.320000 0.574385 0.774385 0.005368 0.200000
0.314349 0.320000 0.573415 0.773415 0.005651 0.200000
0.314172 0.320000 0.571297 0.771297 0.005828 0.200000
0.314228 0.320000 0.568783 0.768783 0.005772 0.200000
0.314603 0.320000 0.566811 0.766811 0.005397 0.200000
0.315281 0.320000 0.564772 0.764772 0.004719 0.200000
0.316213 0.320000 0.562764 0.762764 0.003787 0.200000
0.317307 0.320000 0.562433 0.762433 0.002693 0.200000
0.318478 0.320000 0.561619 0.761619 0.001522 0.200000
0.319610 0.320000 0.565559 0.765559 0.000390 0.200000
0.320615 0.320000 0.571838 0.771838 -0.000615 0.200000
0.321457 0.320000 0.581638 0.781638 -0.001457 0.200000
0.322227 0.320000 0.569492 0.769492 -0.002227 0.200000
0.322993 0.320000 0.574927 0.774927 -0.002993 0.200000
0.323360 0.320000 0.587003 0.787003 -0.003360 0.200000
0.323599 0.320000 0.604385 0.804385 -0.003599 0.200000
0.323723 0.320000 0.623674 0.823674 -0.003723 0.200000
0.323717 0.320000 0.643632 0.843632 -0.003717 0.200000
0.323546 0.320000 0.576964 0.776964 -0.003546 0.200000
0.323669 0.320000 0.590856 0.790856 -0.003669 0.200000
0.323335 0.320000 0.582382 0.782382 -0.003335 0.200000
0.322863 0.320000 0.583042 0.783042 -0.002863 0.200000
0.322384 0.320000 0.568102 0.768102 -0.002384 0.200000
0.319840 0.320000 0.575934 0.775934 0.000160 0.200000
0.318647 0.320000 0.575955 0.775955 0.001353 0.200000
0.317946 0.320000 0.565439 0.765439 0.002054 0.200000
0.317335 0.320000 0.553032 0.753032 0.002665 0.200000
0.316905 0.320000 0.542255 0.742255 0.003095 0.200000
0.316732 0.320000 0.530732 0.730732 0.003268 0.200000
0.316868 0.320000 0.519432 0.719432 0.003132 0.200000
0.317365 0.320000 0.513713 0.713713 0.002635 0.200000
0.318158 0.320000 0.505563 0.705563 0.001842 0.200000
0.319118 0.320000 0.498760 0.698760 0.000882 0.200000
0.320126 0.320000 0.495382 0.695382 -0.000126 0.200000
0.321077 0.320000 0.495732 0.695732 -0.001077 0.200000
0.321895 0.320000 0.502709 0.702709 -0.001895 0.200000
0.322552 0.320000 0.513009 0.713009 -0.002552 0.200000
0.323035 0.320000 0.526506 0.726506 -0.003035 0.200000
0.323218 0.320000 0.536085 0.736085 -0.003218 0.200000
0.323166 0.320000 0.541342 0.741342 -0.003166 0.200000
0.322999 0.320000 0.545686 0.745686 -0.002999 0.200000
0.322711 0.320000 0.552447 0.752447 -0.002711 0.200000
0.322284 0.320000 0.556532 0.756532 -0.002284 0.200000
0.321806 0.320000 0.558765 0.758765 -0.001806 0.200000
0.320779 0.320000 0.556246 0.756246 -0.000779 0.200000
0.319108 0.320000 0.560333 0.760333 0.000892 0.200000
0.317092 0.320000 0.560825 0.760825 0.002908 0.200000
0.315146 0.320000 0.554193 0.754193 0.004854 0.200000
0.315846 0.320000 0.563570 0.763570 0.004154 0.200000
0.315734 0.320000 0.565756 0.765756 0.004266 0.200000
0.315506 0.320000 0.563455 0.763455 0.004494 0.200000
0.315384 0.320000 0.559826 0.759826 0.004616 0.200000
0.315514 0.320000 0.556904 0.756904 0.004486 0.200000
0.315895 0.320000 0.552674 0.752674 0.004105 0.200000
0.316560 0.320000 0.551721 0.751721 0.003440 0.200000
0.317489 0.320000 0.550510 0.750510 0.002511 0.200000
0.318602 0.320000 0.548302 0.748302 0.001398 0.200000
0.319778 0.320000 0.548037 0.748037 0.000222 0.200000
0.320905 0.320000 0.552193 0.752193 -0.000905 0.200000
0.321891 0.320000 0.557388 0.757388 -0.001891 0.200000
0.322711 0.320000 0.567261 0.767261 -0.002711 0.200000
0.323424 0.320000 0.558575 0.758575 -0.003424 0.200000
0.324036 0.320000 0.563863 0.763863 -0.004036 0.200000
0.324305 0.320000 0.578055 0.778055 -0.004305 0.200000
0.324446 0.320000 0.595642 0.795642 -0.004446 0.200000
0.324450 0.320000 0.614675 0.814675 -0.004450 0.200000
0.324286 0.320000 0.635036 0.835036 -0.004286 0.200000
0.323946 0.320000 0.644679 0.844679 -0.003946 0.200000
0.324017 0.320000 0.663205 0.863205 -0.004017 0.200000
0.323565 0.320000 0.656925 0.856925 -0.003565 0.200000
0.322930 0.320000 0.650529 0.850529 -0.002930 0.200000
0.322110 0.320000 0.639220 0.839220 -0.002110 0.200000
0.322824 0.320000 0.610875 0.810875 -0.002824 0.200000
0.323453 0.320000 0.592817 0.792817 -0.003453 0.200000
0.320191 0.320000 0.607947 0.807947 -0.000191 0.200000
0.318591 0.320000 0.598514 0.798514 0.001409 0.200000
0.317401 0.320000 0.583350 0.783350 0.002599 0.200000
0.316578 0.320000 0.568652 0.768652 0.003422 0.200000
0.316174 0.320000 0.553688 0.753688 0.003826 0.200000
0.316196 0.320000 0.542368 0.742368 0.003804 0.200000
0.316607 0.320000 0.529872 0.729872 0.003393 0.200000
0.317264 0.320000 0.518518 0.718518 0.002736 0.200000
0.317963 0.320000 0.512124 0.712124 0.002037 0.200000
0.318667 0.320000 0.508585 0.708585 0.001333 0.200000
0.319272 0.320000 0.514335 0.714335 0.000728 0.200000
0.319739 0.320000 0.522859 0.722859 0.000261 0.200000
0.320052 0.320000 0.534525 0.734525 -0.000052 0.200000
0.320106 0.320000 0.541354 0.741354 -0.000106 0.200000
0.320015 0.320000 0.544832 0.744832 -0.000015 0.200000
0.319857 0.320000 0.550134 0.750134 0.000143 0.200000
0.319642 0.320000 0.556839 0.756839 0.000358 0.200000
0.319326 0.320000 0.557520 0.757520 0.000674 0.200000
0.319078 0.320000 0.558154 0.758154 0.000922 0.200000
0.318012 0.320000 0.562321 0.762321 0.001988 0.200000
0.316249 0.320000 0.565331 0.765331 0.003751 0.200000
0.314236 0.320000 0.564795 0.764795 0.005764 0.200000
0.312376 0.320000 0.561306 0.761306 0.007624 0.200000
0.312464 0.320000 0.570866 0.770866 0.007536 0.200000
0.312093 0.320000 0.572259 0.772259 0.007907 0.200000
0.311742 0.320000 0.568773 0.768773 0.008258 0.200000
0.311558 0.320000 0.564248 0.764248 0.008442 0.200000
0.311674 0.320000 0.562393 0.762393 0.008326 0.200000
0.312130 0.320000 0.561079 0.761079 0.007870 0.200000
0.312914 0.320000 0.558264 0.758264 0.007086 0.200000
0.313948 0.320000 0.558495 0.758495 0.006052 0.200000
0.315102 0.320000 0.555262 0.755262 0.004898 0.200000
0.316374 0.320000 0.555377 0.755377 0.003626 0.200000
0.317593 0.320000 0.559701 0.759701 0.002407 0.200000
0.318661 0.320000 0.567747 0.767747 0.001339 0.200000
0.319543 0.320000 0.577286 0.777286 0.000457 0.200000
0.320287 0.320000 0.578731 0.778731 -0.000287 0.200000
0.320953 0.320000 0.580247 0.780247 -0.000953 0.200000
0.321304 0.320000 0.592395 0.792395 -0.001304 0.200000
0.321544 0.320000 0.608711 0.808711 -0.001544 0.200000
0.321669 0.320000 0.628883 0.828883 -0.001669 0.200000
0.321623 0.320000 0.652804 0.852804 -0.001623 0.200000
0.321338 0.320000 0.660405 0.860405 -0.001338 0.200000
0.321713 0.320000 0.683844 0.883844 -0.001713 0.200000
0.320944 0.320000 0.668050 0.868050 -0.000944 0.200000
0.320153 0.320000 0.657746 0.857746 -0.000153 0.200000
0.319541 0.320000 0.638939 0.838939 0.000459 0.200000
0.322845 0.320000 0.613380 0.813380 -0.002845 0.200000
0.317563 0.320000 0.636865 0.836865 0.002437 0.200000
0.315629 0.320000 0.630591 0.830591 0.004371 0.200000
0.314241 0.320000 0.618082 0.818082 0.005759 0.200000
0.313225 0.320000 0.601227 0.801227 0.006775 0.200000
0.312608 0.320000 0.582417 0.782417 0.007392 0.200000
0.312415 0.320000 0.567182 0.767182 0.007585 0.200000
0.312663 0.320000 0.554325 0.754325 0.007337 0.200000
0.313290 0.320000 0.541160 0.741160 0.006710 0.200000
0.314174 0.320000 0.531588 0.731588 0.005826 0.200000
0.315106 0.320000 0.525437 0.725437 0.004894 0.200000
0.315994 0.320000 0.523341 0.723341 0.004006 0.200000
0.316773 0.320000 0.528529 0.728529 0.003227 0.200000
0.317403 0.320000 0.537274 0.737274 0.002597 0.200000
0.317881 0.320000 0.549293 0.749293 0.002119 0.200000
0.318093 0.320000 0.557824 0.757824 0.001907 0.200000
0.318173 0.320000 0.564395 0.764395 0.001827 0.200000
0.318143 0.320000 0.572565 0.772565 0.001857 0.200000
0.317954 0.320000 0.581802 0.781802 0.002046 0.200000
0.317643 0.320000 0.592991 0.792991 0.002357 0.200000
0.317370 0.320000 0.594892 0.794892 0.002630 0.200000
0.316309 0.320000 0.602427 0.802427 0.003691 0.200000
0.314356 0.320000 0.603838 0.803838 0.005644 0.200000
0.312076 0.320000 0.601721 0.801721 0.007924 0.200000
0.310635 0.320000 0.591284 0.791284 0.009365 0.200000
0.310555 0.320000 0.596368 0.796368 0.009445 0.200000
0.310090 0.320000 0.596469 0.796469 0.009910 0.200000
0.309689 0.320000 0.592605 0.792605 0.010311 0.200000
0.309526 0.320000 0.588166 0.788166 0.010474 0.200000
0.309704 0.320000 0.585296 0.785296 0.010296 0.200000
0.310231 0.320000 0.584741 0.784741 0.009769 0.200000
0.311074 0.320000 0.583698 0.783698 0.008926 0.200000
0.312199 0.320000 0.580504 0.780504 0.007801 0.200000
0.313505 0.320000 0.575406 0.775406 0.006495 0.200000
0.314869 0.320000 0.574890 0.774890 0.005131 0.200000
0.316141 0.320000 0.579675 0.779675 0.003859 0.200000
0.317252 0.320000 0.588712 0.788712 0.002748 0.200000
0.318221 0.320000 0.572517 0.772517 0.001779 0.200000
0.319223 0.320000 0.566606 0.766606 0.000777 0.200000
0.320075 0.320000 0.575105 0.775105 -0.000075 0.200000
0.320599 0.320000 0.591935 0.791935 -0.000599 0.200000
0.320979 0.320000 0.614243 0.814243 -0.000979 0.200000
0.321231 0.320000 0.634485 0.834485 -0.001231 0.200000
0.321330 0.320000 0.653700 0.853700 -0.001330 0.200000
0.321320 0.320000 0.657325 0.857325 -0.001320 0.200000
0.322357 0.320000 0.687602 0.887602 -0.002357 0.200000
0.322202 0.320000 0.702488 0.902488 -0.002202 0.200000
0.321770 0.320000 0.699541 0.899541 -0.001770 0.200000
0.320956 0.320000 0.683960 0.883960 -0.000956 0.200000
0.320028 0.320000 0.648395 0.848395 -0.000028 0.200000
0.319596 0.320000 0.607833 0.807833 0.000404 0.200000
0.318962 0.320000 0.593040 0.793040 0.001038 0.200000
0.317229 0.320000 0.600495 0.800495 0.002771 0.200000
0.316221 0.320000 0.596522 0.796522 0.003779 0.200000
0.315561 0.320000 0.588676 0.788676 0.004439 0.200000
0.315283 0.320000 0.573413 0.773413 0.004717 0.200000
0.315394 0.320000 0.555661 0.755661 0.004606 0.200000
0.315898 0.320000 0.537455 0.737455 0.004102 0.200000
0.316659 0.320000 0.526648 0.726648 0.003341 0.200000
0.317477 0.320000 0.517548 0.717548 0.002523 0.200000
0.318221 0.320000 0.512118 0.712118 0.001779 0.200000
0.318829 0.320000 0.516475 0.716475 0.001171 0.200000
0.319301 0.320000 0.526013 0.726013 0.000699 0.200000
0.319625 0.320000 0.537857 0.737857 0.000375 0.200000
0.319663 0.320000 0.542636 0.742636 0.000337 0.200000
0.319612 0.320000 0.546904 0.746904 0.000388 0.200000
0.319522 0.320000 0.551808 0.751808 0.000478 0.200000
0.319386 0.320000 0.555437 0.755437 0.000614 0.200000
0.319210 0.320000 0.557283 0.757283 0.000790 0.200000
0.318964 0.320000 0.557924 0.757924 0.001036 0.200000
0.317768 0.320000 0.561126 0.761126 0.002232 0.200000
0.315872 0.320000 0.564440 0.764440 0.004128 0.200000
0.313732 0.320000 0.565392 0.765392 0.006268 0.200000
0.312437 0.320000 0.565111 0.765111 0.007563 0.200000
0.312433 0.320000 0.576247 0.776247 0.007567 0.200000
0.312082 0.320000 0.581581 0.781581 0.007918 0.200000
0.311802 0.320000 0.581389 0.781389 0.008198 0.200000
0.311748 0.320000 0.581213 0.781213 0.008252 0.200000
0.312003 0.320000 0.580442 0.780442 0.007997 0.200000
0.312590 0.320000 0.579452 0.779452 0.007410 0.200000
0.313430 0.320000 0.577663 0.777663 0.006570 0.200000
0.314511 0.320000 0.577479 0.777479 0.005489 0.200000
0.315743 0.320000 0.579793 0.779793 0.004257 0.200000
0.316986 0.320000 0.583935 0.783935 0.003014 0.200000
0.318133 0.320000 0.591375 0.791375 0.001867 0.200000
0.319109 0.320000 0.601909 0.801909 0.000891 0.200000
0.319965 0.320000 0.592978 0.792978 0.000035 0.200000
0.320854 0.320000 0.589760 0.789760 -0.000854 0.200000
0.321552 0.320000 0.598548 0.798548 -0.001552 0.200000
0.322016 0.320000 0.613089 0.813089 -0.002016 0.200000
0.322362 0.320000 0.631985 0.831985 -0.002362 0.200000
0.322586 0.320000 0.652999 0.852999 -0.002586 0.200000
0.322650 0.320000 0.675289 0.875289 -0.002650 0.200000
0.322751 0.320000 0.705062 0.905062 -0.002751 0.200000
0.322713 0.320000 0.705334 0.905334 -0.002713 0.200000
0.322264 0.320000 0.694334 0.894334 -0.002264 0.200000
0.321683 0.320000 0.686050 0.886050 -0.001683 0.200000
0.321573 0.320000 0.670510 0.870510 -0.001573 0.200000
0.317493 0.320000 0.679286 0.879286 0.002507 0.200000
0.316771 0.320000 0.659741 0.859741 0.003229 0.200000
0.316083 0.320000 0.638433 0.838433 0.003917 0.200000
0.315556 0.320000 0.615983 0.815983 0.004444 0.200000
0.315291 0.320000 0.597050 0.797050 0.004709 0.200000
0.315369 0.320000 0.584493 0.784493 0.004631 0.200000
0.315814 0.320000 0.571454 0.771454 0.004186 0.200000
0.316594 0.320000 0.558900 0.758900 0.003406 0.200000
0.317593 0.320000 0.547702 0.747702 0.002407 0.200000
0.318666 0.320000 0.540543 0.740543 0.001334 0.200000
0.319704 0.320000 0.537981 0.737981 0.000296 0.200000
0.320610 0.320000 0.540023 0.740023 -0.000610 0.200000
0.321341 0.320000 0.548172 0.748172 -0.001341 0.200000
0.321886 0.320000 0.560190 0.760190 -0.001886 0.200000
0.322213 0.320000 0.573255 0.773255 -0.002213 0.200000
0.322203 0.320000 0.579434 0.779434 -0.002203 0.200000
0.322064 0.320000 0.587929 0.787929 -0.002064 0.200000
0.321777 0.320000 0.597211 0.797211 -0.001777 0.200000
0.321379 0.320000 0.604133 0.804133 -0.001379 0.200000
0.320900 0.320000 0.609907 0.809907 -0.000900 0.200000
0.320312 0.320000 0.610555 0.810555 -0.000312 0.200000
0.318989 0.320000 0.617559 0.817559 0.001011 0.200000
0.316857 0.320000 0.616077 0.816077 0.003143 0.200000
0.314532 0.320000 0.606332 0.806332 0.005468 0.200000
0.313873 0.320000 0.605494 0.805494 0.006127 0.200000
0.313695 0.320000 0.611271 0.811271 0.006305 0.200000
0.313280 0.320000 0.608185 0.808185 0.006720 0.200000
0.312942 0.320000 0.603195 0.803195 0.007058 0.200000
0.312839 0.320000 0.597926 0.797926 0.007161 0.200000
0.313054 0.320000 0.592930 0.792930 0.006946 0.200000
0.313576 0.320000 0.590792 0.790792 0.006424 0.200000
0.314453 0.320000 0.588532 0.788532 0.005547 0.200000
0.315589 0.320000 0.585655 0.785655 0.004411 0.200000
0.316869 0.320000 0.583518 0.783518 0.003131 0.200000
0.318149 0.320000 0.585287 0.785287 0.001851 0.200000
0.319329 0.320000 0.589317 0.789317 0.000671 0.200000
0.320342 0.320000 0.593629 0.793629 -0.000342 0.200000
0.321200 0.320000 0.582265 0.782265 -0.001200 0.200000
0.322001 0.320000 0.578869 0.778869 -0.002001 0.200000
0.322486 0.320000 0.587877 0.787877 -0.002486 0.200000
0.322776 0.320000 0.602007 0.802007 -0.002776 0.200000
0.322938 0.320000 0.618668 0.818668 -0.002938 0.200000
0.322951 0.320000 0.636981 0.836981 -0.002951 0.200000
0.322764 0.320000 0.653244 0.853244 -0.002764 0.200000
0.322925 0.320000 0.678097 0.878097 -0.002925 0.200000
0.322501 0.320000 0.670982 0.870982 -0.002501 0.200000
0.321995 0.320000 0.657519 0.857519 -0.001995 0.200000
0.321260 0.320000 0.645675 0.845675 -0.001260 0.200000
0.320708 0.320000 0.621980 0.821980 -0.000708 0.200000
0.320655 0.320000 0.588543 0.788543 -0.000655 0.200000
0.321050 0.320000 0.557370 0.757370 -0.001050 0.200000
0.319823 0.320000 0.564046 0.764046 0.000177 0.200000
0.318639 0.320000 0.566590 0.766590 0.001361 0.200000
0.317822 0.320000 0.562320 0.762320 0.002178 0.200000
0.317324 0.320000 0.554217 0.754217 0.002676 0.200000
0.317203 0.320000 0.542497 0.742497 0.002797 0.200000
0.317501 0.320000 0.530752 0.730752 0.002499 0.200000
0.318127 0.320000 0.520849 0.720849 0.001873 0.200000
0.318929 0.320000 0.515996 0.715996 0.001071 0.200000
0.319725 0.320000 0.513445 0.713445 0.000275 0.200000
0.320407 0.320000 0.517037 0.717037 -0.000407 0.200000
0.320956 0.320000 0.524057 0.724057 -0.000956 0.200000
0.321344 0.320000 0.538308 0.738308 -0.001344 0.200000
0.321500 0.320000 0.550694 0.750694 -0.001500 0.200000
0.321407 0.320000 0.559202 0.759202 -0.001407 0.200000
0.321271 0.320000 0.565666 0.765666 -0.001271 0.200000
0.321084 0.320000 0.572873 0.772873 -0.001084 0.200000
0.320836 0.320000 0.574975 0.774975 -0.000836 0.200000
0.320559 0.320000 0.574088 0.774088 -0.000559 0.200000
0.319783 0.320000 0.567317 0.767317 0.000217 0.200000
0.318240 0.320000 0.575283 0.775283 0.001760 0.200000
0.316370 0.320000 0.577278 0.777278 0.003630 0.200000
0.314321 0.320000 0.572304 0.772304 0.005679 0.200000
0.314489 0.320000 0.580086 0.780086 0.005511 0.200000
0.314368 0.320000 0.587380 0.787380 0.005632 0.200000
0.314109 0.320000 0.588238 0.788238 0.005891 0.200000
0.313966 0.320000 0.585947 0.785947 0.006034 0.200000
0.314072 0.320000 0.583785 0.783785 0.005928 0.200000
0.314473 0.320000 0.579190 0.779190 0.005527 0.200000
0.315176 0.320000 0.578035 0.778035 0.004824 0.200000
0.316143 0.320000 0.574827 0.774827 0.003857 0.200000
0.317303 0.320000 0.572348 0.772348 0.002697 0.200000
0.318507 0.320000 0.574118 0.774118 0.001493 0.200000
0.319676 0.320000 0.579334 0.779334 0.000324 0.200000
0.320715 0.320000 0.586472 0.786472 -0.000715 0.200000
0.321593 0.320000 0.578428 0.778428 -0.001593 0.200000
0.322494 0.320000 0.567120 0.767120 -0.002494 0.200000
0.323385 0.320000 0.572218 0.772218 -0.003385 0.200000
0.323889 0.320000 0.583323 0.783323 -0.003889 0.200000
0.324234 0.320000 0.598746 0.798746 -0.004234 0.200000
0.324444 0.320000 0.617899 0.817899 -0.004444 0.200000
0.324515 0.320000 0.639194 0.839194 -0.004515 0.200000
0.324397 0.320000 0.662526 0.862526 -0.004397 0.200000
0.324795 0.320000 0.699368 0.899368 -0.004795 0.200000
0.324350 0.320000 0.723406 0.923406 -0.004350 0.200000
0.323746 0.320000 0.581867 0.781867 -0.003746 0.200000
0.322897 0.320000 0.570615 0.770615 -0.002897 0.200000
0.322604 0.320000 0.542254 0.742254 -0.002604 0.200000
0.322856 0.320000 0.509370 0.709370 -0.002856 0.200000
0.320917 0.320000 0.518384 0.718384 -0.000917 0.200000
0.319606 0.320000 0.528412 0.728412 0.000394 0.200000
0.318714 0.320000 0.528825 0.728825 0.001286 0.200000
0.318155 0.320000 0.525258 0.725258 0.001845 0.200000
0.317959 0.320000 0.519766 0.719766 0.002041 0.200000
0.318149 0.320000 0.508249 0.708249 0.001851 0.200000
0.318710 0.320000 0.501002 0.701002 0.001290 0.200000
0.319488 0.320000 0.493379 0.693379 0.000512 0.200000
0.320334 0.320000 0.488733 0.688733 -0.000334 0.200000
0.321133 0.320000 0.490173 0.690173 -0.001133 0.200000
0.321816 0.320000 0.495422 0.695422 -0.001816 0.200000
0.322341 0.320000 0.506042 0.706042 -0.002341 0.200000
0.322704 0.320000 0.519179 0.719179 -0.002704 0.200000
0.322787 0.320000 0.527876 0.727876 -0.002787 0.200000
0.322643 0.320000 0.532215 0.732215 -0.002643 0.200000
0.322408 0.320000 0.539473 0.739473 -0.002408 0.200000
0.322103 0.320000 0.546059 0.746059 -0.002103 0.200000
0.321731 0.320000 0.551750 0.751750 -0.001731 0.200000
0.321296 0.320000 0.552007 0.752007 -0.001296 0.200000
0.320268 0.320000 0.549651 0.749651 -0.000268 0.200000
0.318812 0.320000 0.555768 0.755768 0.001188 0.200000
0.316973 0.320000 0.556342 0.756342 0.003027 0.200000
0.315055 0.320000 0.552182 0.752182 0.004945 0.200000
0.315613 0.320000 0.564012 0.764012 0.004387 0.200000
0.315559 0.320000 0.571407 0.771407 0.004441 0.200000
0.315371 0.320000 0.570904 0.770904 0.004629 0.200000
0.315286 0.320000 0.569339 0.769339 0.004714 0.200000
0.315451 0.320000 0.565587 0.765587 0.004549 0.200000
0.315902 0.320000 0.566186 0.766186 0.004098 0.200000
0.316610 0.320000 0.562783 0.762783 0.003390 0.200000
0.317544 0.320000 0.560385 0.760385 0.002456 0.200000
0.318628 0.320000 0.558589 0.758589 0.001372 0.200000
0.319754 0.320000 0.561666 0.761666 0.000246 0.200000
0.320813 0.320000 0.565155 0.765155 -0.000813 0.200000
0.321742 0.320000 0.573326 0.773326 -0.001742 0.200000
0.322568 0.320000 0.557886 0.757886 -0.002568 0.200000
0.323436 0.320000 0.551087 0.751087 -0.003436 0.200000
0.324222 0.320000 0.557226 0.757226 -0.004222 0.200000
0.324622 0.320000 0.570686 0.770686 -0.004622 0.200000
0.324877 0.320000 0.588236 0.788236 -0.004877 0.200000
0.325006 0.320000 0.607089 0.807089 -0.005006 0.200000
0.324958 0.320000 0.627481 0.827481 -0.004958 0.200000
0.324725 0.320000 0.644114 0.844114 -0.004725 0.200000
0.325027 0.320000 0.680398 0.880398 -0.005027 0.200000
0.324579 0.320000 0.696439 0.896439 -0.004579 0.200000
0.323913 0.320000 0.689318 0.889318 -0.003913 0.200000
0.322980 0.320000 0.678870 0.878870 -0.002980 0.200000
0.322612 0.320000 0.639393 0.839393 -0.002612 0.200000
0.322247 0.320000 0.591827 0.791827 -0.002247 0.200000
0.320985 0.320000 0.576197 0.776197 -0.000985 0.200000
0.319359 0.320000 0.580459 0.780459 0.000641 0.200000
0.318277 0.320000 0.577066 0.777066 0.001723 0.200000
0.317557 0.320000 0.567968 0.767968 0.002443 0.200000
0.317202 0.320000 0.553755 0.753755 0.002798 0.200000
0.317209 0.320000 0.540042 0.740042 0.002791 0.200000
0.317606 0.320000 0.525937 0.725937 0.002394 0.200000
0.318277 0.320000 0.511805 0.711805 0.001723 0.200000
0.319031 0.320000 0.503669 0.703669 0.000969 0.200000
0.319718 0.320000 0.500480 0.700480 0.000282 0.200000
0.320280 0.320000 0.506778 0.706778 -0.000280 0.200000
0.320702 0.320000 0.515587 0.715587 -0.000702 0.200000
0.320967 0.320000 0.527980 0.727980 -0.000967 0.200000
0.320967 0.320000 0.534439 0.734439 -0.000967 0.200000
0.320831 0.320000 0.538100 0.738100 -0.000831 0.200000
0.320683 0.320000 0.541077 0.741077 -0.000683 0.200000
0.320513 0.320000 0.543507 0.743507 -0.000513 0.200000
0.320300 0.320000 0.543581 0.743581 -0.000300 0.200000
0.320091 0.320000 0.539482 0.739482 -0.000091 0.200000
0.319126 0.320000 0.545479 0.745479 0.000874 0.200000
0.317610 0.320000 0.553088 0.753088 0.002390 0.200000
0.315746 0.320000 0.555259 0.755259 0.004254 0.200000
0.313979 0.320000 0.550964 0.750964 0.006021 0.200000
0.314198 0.320000 0.563468 0.763468 0.005802 0.200000
0.313883 0.320000 0.565933 0.765933 0.006117 0.200000
0.313539 0.320000 0.565277 0.765277 0.006461 0.200000
0.313347 0.320000 0.562455 0.762455 0.006653 0.200000
0.313429 0.320000 0.560944 0.760944 0.006571 0.200000
0.313790 0.320000 0.559502 0.759502 0.006210 0.200000
0.314493 0.320000 0.557496 0.757496 0.005507 0.200000
0.315455 0.320000 0.558116 0.758116 0.004545 0.200000
0.316576 0.320000 0.557121 0.757121 0.003424 0.200000
0.317760 0.320000 0.557173 0.757173 0.002240 0.200000
0.318884 0.320000 0.560382 0.760382 0.001116 0.200000
0.319878 0.320000 0.565404 0.765404 0.000122 0.200000
0.320733 0.320000 0.561116 0.761116 -0.000733 0.200000
0.321613 0.320000 0.553272 0.753272 -0.001613 0.200000
0.322395 0.320000 0.558590 0.758590 -0.002395 0.200000
0.322875 0.320000 0.570981 0.770981 -0.002875 0.200000
0.323194 0.320000 0.588052 0.788052 -0.003194 0.200000
0.323383 0.320000 0.606228 0.806228 -0.003383 0.200000
0.323403 0.320000 0.625989 0.825989 -0.003403 0.200000
0.323238 0.320000 0.644797 0.844797 -0.003238 0.200000
0.323364 0.320000 0.675714 0.875714 -0.003364 0.200000
0.323168 0.320000 0.561941 0.761941 -0.003168 0.200000
0.322732 0.320000 0.557664 0.757664 -0.002732 0.200000
0.322258 0.320000 0.547852 0.747852 -0.002258 0.200000
0.321581 0.320000 0.545649 0.745649 -0.001581 0.200000
0.319238 0.320000 0.556085 0.756085 0.000762 0.200000
0.318372 0.320000 0.552084 0.752084 0.001628 0.200000
0.317720 0.320000 0.542053 0.742053 0.002280 0.200000
0.317319 0.320000 0.531369 0.731369 0.002681 0.200000
0.317225 0.320000 0.520180 0.720180 0.002775 0.200000
0.317493 0.320000 0.513002 0.713002 0.002507 0.200000
0.318102 0.320000 0.503193 0.703193 0.001898 0.200000
0.318941 0.320000 0.494984 0.694984 0.001059 0.200000
0.319865 0.320000 0.491671 0.691671 0.000135 0.200000
0.320839 0.320000 0.490666 0.690666 -0.000839 0.200000
0.321743 0.320000 0.493886 0.693886 -0.001743 0.200000
0.322502 0.320000 0.501184 0.701184 -0.002502 0.200000
0.323073 0.320000 0.514375 0.714375 -0.003073 0.200000
0.323460 0.320000 0.527745 0.727745 -0.003460 0.200000
0.323514 0.320000 0.536512 0.736512 -0.003514 0.200000
0.323383 0.320000 0.543465 0.743465 -0.003383 0.200000
0.323131 0.320000 0.553132 0.753132 -0.003131 0.200000
0.322770 0.320000 0.560846 0.760846 -0.002770 0.200000
0.322265 0.320000 0.563954 0.763954 -0.002265 0.200000
0.321800 0.320000 0.571498 0.771498 -0.001800 0.200000
0.320567 0.320000 0.581335 0.781335 -0.000567 0.200000
0.318497 0.320000 0.584616 0.784616 0.001503 0.200000
0.315977 0.320000 0.581380 0.781380 0.004023 0.200000
0.314226 0.320000 0.575330 0.775330 0.005774 0.200000
0.313931 0.320000 0.581934 0.781934 0.006069 0.200000
0.313281 0.320000 0.581167 0.781167 0.006719 0.200000
0.312656 0.320000 0.575921 0.775921 0.007344 0.200000
0.312233 0.320000 0.572318 0.772318 0.007767 0.200000
0.312116 0.320000 0.568744 0.768744 0.007884 0.200000
0.312373 0.320000 0.565470 0.765470 0.007627 0.200000
0.313004 0.320000 0.562617 0.762617 0.006996 0.200000
0.313928 0.320000 0.560108 0.760108 0.006072 0.200000
0.315046 0.320000 0.557542 0.757542 0.004954 0.200000
0.316231 0.320000 0.557147 0.757147 0.003769 0.200000
0.317364 0.320000 0.559222 0.759222 0.002636 0.200000
0.318362 0.320000 0.568894 0.768894 0.001638 0.200000
0.319283 0.320000 0.547343 0.747343 0.000717 0.200000
0.320216 0.320000 0.542614 0.742614 -0.000216 0.200000
0.320990 0.320000 0.549863 0.749863 -0.000990 0.200000
0.321453 0.320000 0.562394 0.762394 -0.001453 0.200000
0.321789 0.320000 0.579598 0.779598 -0.001789 0.200000
0.321995 0.320000 0.599048 0.799048 -0.001995 0.200000
0.322031 0.320000 0.618019 0.818019 -0.002031 0.200000
0.321934 0.320000 0.637753 0.837753 -0.001934 0.200000
0.321915 0.320000 0.654422 0.854422 -0.001915 0.200000
0.321849 0.320000 0.676754 0.876754 -0.001849 0.200000
0.321417 0.320000 0.659117 0.859117 -0.001417 0.200000
0.320772 0.320000 0.645451 0.845451 -0.000772 0.200000
0.320460 0.320000 0.611879 0.811879 -0.000460 0.200000
0.318555 0.320000 0.609672 0.809672 0.001445 0.200000
0.317875 0.320000 0.590660 0.790660 0.002125 0.200000
0.317359 0.320000 0.576569 0.776569 0.002641 0.200000
0.317075 0.320000 0.559482 0.759482 0.002925 0.200000
0.317095 0.320000 0.550230 0.750230 0.002905 0.200000
0.317462 0.320000 0.539688 0.739688 0.002538 0.200000
0.318164 0.320000 0.528978 0.728978 0.001836 0.200000
0.319119 0.320000 0.521276 0.721276 0.000881 0.200000
0.320178 0.320000 0.515694 0.715694 -0.000178 0.200000
0.321210 0.320000 0.506637 0.706637 -0.001210 0.200000
0.322124 0.320000 0.508388 0.708388 -0.002124 0.200000
0.322850 0.320000 0.514795 0.714795 -0.002850 0.200000
0.323393 0.320000 0.524560 0.724560 -0.003393 0.200000
0.323747 0.320000 0.536197 0.736197 -0.003747 0.200000
0.323742 0.320000 0.541583 0.741583 -0.003742 0.200000
0.323607 0.320000 0.547287 0.747287 -0.003607 0.200000
0.323375 0.320000 0.555489 0.755489 -0.003375 0.200000
0.323078 0.320000 0.563373 0.763373 -0.003078 0.200000
0.322715 0.320000 0.563973 0.763973 -0.002715 0.200000
0.322169 0.320000 0.559734 0.759734 -0.002169 0.200000
0.320902 0.320000 0.565059 0.765059 -0.000902 0.200000
0.318914 0.320000 0.563791 0.763791 0.001086 0.200000
0.316702 0.320000 0.557939 0.757939 0.003298 0.200000
0.316060 0.320000 0.550974 0.750974 0.003940 0.200000
0.316202 0.320000 0.559706 0.759706 0.003798 0.200000
0.315920 0.320000 0.560302 0.760302 0.004080 0.200000
0.315638 0.320000 0.558475 0.758475 0.004362 0.200000
0.315538 0.320000 0.553694 0.753694 0.004462 0.200000
0.315727 0.320000 0.549881 0.749881 0.004273 0.200000
0.316232 0.320000 0.548478 0.748478 0.003768 0.200000
0.316958 0.320000 0.544520 0.744520 0.003042 0.200000
0.317923 0.320000 0.541012 0.741012 0.002077 0.200000
0.319042 0.320000 0.538761 0.738761 0.000958 0.200000
0.320172 0.320000 0.542640 0.742640 -0.000172 0.200000
0.321221 0.320000 0.548049 0.748049 -0.001221 0.200000
0.322115 0.320000 0.555745 0.755745 -0.002115 0.200000
0.322886 0.320000 0.552287 0.752287 -0.002886 0.200000
0.323649 0.320000 0.546132 0.746132 -0.003649 0.200000
0.324157 0.320000 0.552652 0.752652 -0.004157 0.200000
0.324404 0.320000 0.564690 0.764690 -0.004404 0.200000
0.324511 0.320000 0.579428 0.779428 -0.004511 0.200000
0.324463 0.320000 0.594821 0.794821 -0.004463 0.200000
0.324242 0.320000 0.612605 0.812605 -0.004242 0.200000
0.324076 0.320000 0.546087 0.746087 -0.004076 0.200000
0.323898 0.320000 0.543023 0.743023 -0.003898 0.200000
0.323433 0.320000 0.525700 0.725700 -0.003433 0.200000
0.322731 0.320000 0.510029 0.710029 -0.002731 0.200000
0.321950 0.320000 0.497155 0.697155 -0.001950 0.200000
0.322476 0.320000 0.466326 0.666326 -0.002476 0.200000
0.320913 0.320000 0.469827 0.669827 -0.000913 0.200000
0.319069 0.320000 0.487891 0.687891 0.000931 0.200000
0.317919 0.320000 0.490008 0.690008 0.002081 0.200000
0.317104 0.320000 0.484212 0.684212 0.002896 0.200000
0.316639 0.320000 0.475699 0.675699 0.003361 0.200000
0.316590 0.320000 0.469813 0.669813 0.003410 0.200000
0.316951 0.320000 0.460794 0.660794 0.003049 0.200000
0.317640 0.320000 0.454046 0.654046 0.002360 0.200000
0.318476 0.320000 0.452649 0.652649 0.001524 0.200000
0.319321 0.320000 0.452029 0.652029 0.000679 0.200000
0.320062 0.320000 0.458159 0.658159 -0.000062 0.200000
0.320659 0.320000 0.469690 0.669690 -0.000659 0.200000
0.321105 0.320000 0.483484 0.683484 -0.001105 0.200000
0.321360 0.320000 0.496835 0.696835 -0.001360 0.200000
0.321264 0.320000 0.504919 0.704919 -0.001264 0.200000
0.321042 0.320000 0.508525 0.708525 -0.001042 0.200000
0.320744 0.320000 0.511390 0.711390 -0.000744 0.200000
0.320383 0.320000 0.514677 0.714677 -0.000383 0.200000
0.319947 0.320000 0.517839 0.717839 0.000053 0.200000
0.319399 0.320000 0.519128 0.719128 0.000601 0.200000
0.317893 0.320000 0.526421 0.726421 0.002107 0.200000
0.315777 0.320000 0.526086 0.726086 0.004223 0.200000
0.313492 0.320000 0.520654 0.720654 0.006508 0.200000
0.312760 0.320000 0.528920 0.728920 0.007240 0.200000
0.312650 0.320000 0.541582 0.741582 0.007350 0.200000
0.312350 0.320000 0.543000 0.743000 0.007650 0.200000
0.312133 0.320000 0.542517 0.742517 0.007867 0.200000
0.312159 0.320000 0.539989 0.739989 0.007841 0.200000
0.312453 0.320000 0.539730 0.739730 0.007547 0.200000
0.313089 0.320000 0.537783 0.737783 0.006911 0.200000
0.314013 0.320000 0.536161 0.736161 0.005987 0.200000
0.315153 0.320000 0.534478 0.734478 0.004847 0.200000
0.316413 0.320000 0.535438 0.735438 0.003587 0.200000
0.317649 0.320000 0.538764 0.738764 0.002351 0.200000
0.318760 0.320000 0.545150 0.745150 0.001240 0.200000
0.319717 0.320000 0.539334 0.739334 0.000283 0.200000
0.320714 0.320000 0.523667 0.723667 -0.000714 0.200000
0.321698 0.320000 0.526788 0.726788 -0.001698 0.200000
0.322325 0.320000 0.536521 0.736521 -0.002325 0.200000
0.322710 0.320000 0.551485 0.751485 -0.002710 0.200000
0.322942 0.320000 0.569055 0.769055 -0.002942 0.200000
0.323015 0.320000 0.588367 0.788367 -0.003015 0.200000
0.322899 0.320000 0.605653 0.805653 -0.002899 0.200000
0.322879 0.320000 0.630260 0.830260 -0.002879 0.200000
0.322635 0.320000 0.648486 0.848486 -0.002635 0.200000
0.322322 0.320000 0.499951 0.699951 -0.002322 0.200000
0.321800 0.320000 0.488655 0.688655 -0.001800 0.200000
0.321979 0.320000 0.465657 0.665657 -0.001979 0.200000
0.320516 0.320000 0.464155 0.664155 -0.000516 0.200000
0.318997 0.320000 0.475706 0.675706 0.001003 0.200000
0.318269 0.320000 0.471265 0.671265 0.001731 0.200000
0.317758 0.320000 0.466971 0.666971 0.002242 0.200000
0.317509 0.320000 0.464656 0.664656 0.002491 0.200000
0.317595 0.320000 0.462722 0.662722 0.002405 0.200000
0.318051 0.320000 0.461451 0.661451 0.001949 0.200000
0.318832 0.320000 0.460329 0.660329 0.001168 0.200000
0.319819 0.320000 0.460441 0.660441 0.000181 0.200000
0.320874 0.320000 0.456327 0.656327 -0.000874 0.200000
0.321884 0.320000 0.455416 0.655416 -0.001884 0.200000
0.322761 0.320000 0.462748 0.662748 -0.002761 0.200000
0.323452 0.320000 0.473789 0.673789 -0.003452 0.200000
0.323939 0.320000 0.488067 0.688067 -0.003939 0.200000
0.324135 0.320000 0.500546 0.700546 -0.004135 0.200000
0.324014 0.320000 0.505120 0.705120 -0.004014 0.200000
0.323801 0.320000 0.515426 0.715426 -0.003801 0.200000
0.323536 0.320000 0.522818 0.722818 -0.003536 0.200000
0.323174 0.320000 0.532630 0.732630 -0.003174 0.200000
0.322804 0.320000 0.530019 0.730019 -0.002804 0.200000
0.322231 0.320000 0.530318 0.730318 -0.002231 0.200000
0.321271 0.320000 0.533838 0.733838 -0.001271 0.200000
0.319856 0.320000 0.534079 0.734079 0.000144 0.200000
0.318146 0.320000 0.529802 0.729802 0.001854 0.200000
0.318234 0.320000 0.540515 0.740515 0.001766 0.200000
0.318195 0.320000 0.544657 0.744657 0.001805 0.200000
0.318020 0.320000 0.542946 0.742946 0.001980 0.200000
0.317911 0.320000 0.537780 0.737780 0.002089 0.200000
0.317996 0.320000 0.532946 0.732946 0.002004 0.200000
0.318308 0.320000 0.530285 0.730285 0.001692 0.200000
0.318843 0.320000 0.526898 0.726898 0.001157 0.200000
0.319624 0.320000 0.524959 0.724959 0.000376 0.200000
0.320582 0.320000 0.523717 0.723717 -0.000582 0.200000
0.321622 0.320000 0.521495 0.721495 -0.001622 0.200000
0.322628 0.320000 0.524423 0.724423 -0.002628 0.200000
0.323512 0.320000 0.531114 0.731114 -0.003512 0.200000
0.324329 0.320000 0.507511 0.707511 -0.004329 0.200000
0.325154 0.320000 0.499376 0.699376 -0.005154 0.200000
0.325941 0.320000 0.503823 0.703823 -0.005941 0.200000
0.326331 0.320000 0.512242 0.712242 -0.006331 0.200000
0.326588 0.320000 0.523983 0.723983 -0.006588 0.200000
0.326709 0.320000 0.539147 0.739147 -0.006709 0.200000
0.326663 0.320000 0.556866 0.756866 -0.006663 0.200000
0.326408 0.320000 0.573547 0.773547 -0.006408 0.200000
0.326115 0.320000 0.588366 0.788366 -0.006115 0.200000
0.325933 0.320000 0.614191 0.814191 -0.005933 0.200000
0.325516 0.320000 0.635697 0.835697 -0.005516 0.200000
0.324733 0.320000 0.620708 0.820708 -0.004733 0.200000
0.323202 0.320000 0.600488 0.800488 -0.003202 0.200000
0.321226 0.320000 0.590765 0.790765 -0.001226 0.200000
0.320762 0.320000 0.570548 0.770548 -0.000762 0.200000
0.320326 0.320000 0.551165 0.751165 -0.000326 0.200000
0.320053 0.320000 0.535709 0.735709 -0.000053 0.200000
0.320020 0.320000 0.522685 0.722685 -0.000020 0.200000
0.320267 0.320000 0.508335 0.708335 -0.000267 0.200000
0.320792 0.320000 0.494247 0.694247 -0.000792 0.200000
0.321610 0.320000 0.483095 0.683095 -0.001610 0.200000
0.322562 0.320000 0.473865 0.673865 -0.002562 0.200000
0.323514 0.320000 0.467784 0.667784 -0.003514 0.200000
0.324366 0.320000 0.468072 0.668072 -0.004366 0.200000
0.325055 0.320000 0.476329 0.676329 -0.005055 0.200000
0.325548 0.320000 0.486358 0.686358 -0.005548 0.200000
0.325840 0.320000 0.499124 0.699124 -0.005840 0.200000
0.325824 0.320000 0.507673 0.707673 -0.005824 0.200000
0.325560 0.320000 0.507166 0.707166 -0.005560 0.200000
0.325224 0.320000 0.515666 0.715666 -0.005224 0.200000
0.324834 0.320000 0.524273 0.724273 -0.004834 0.200000
0.324350 0.320000 0.534520 0.734520 -0.004350 0.200000
0.323858 0.320000 0.539782 0.739782 -0.003858 0.200000
0.322939 0.320000 0.541452 0.741452 -0.002939 0.200000
0.321414 0.320000 0.545390 0.745390 -0.001414 0.200000
0.319474 0.320000 0.541851 0.741851 0.000526 0.200000
0.317406 0.320000 0.535831 0.735831 0.002594 0.200000
0.317081 0.320000 0.539109 0.739109 0.002919 0.200000
0.316650 0.320000 0.540290 0.740290 0.003350 0.200000
0.316184 0.320000 0.536562 0.736562 0.003816 0.200000
0.315859 0.320000 0.529207 0.729207 0.004141 0.200000
0.315793 0.320000 0.524418 0.724418 0.004207 0.200000
0.316039 0.320000 0.520849 0.720849 0.003961 0.200000
0.316605 0.320000 0.516631 0.716631 0.003395 0.200000
0.317423 0.320000 0.510402 0.710402 0.002577 0.200000
0.318397 0.320000 0.507296 0.707296 0.001603 0.200000
0.319446 0.320000 0.507242 0.707242 0.000554 0.200000
0.320433 0.320000 0.511759 0.711759 -0.000433 0.200000
0.321310 0.320000 0.510221 0.710221 -0.001310 0.200000
0.322173 0.320000 0.486002 0.686002 -0.002173 0.200000
0.323042 0.320000 0.481105 0.681105 -0.003042 0.200000
0.323816 0.320000 0.488259 0.688259 -0.003816 0.200000
0.324209 0.320000 0.499418 0.699418 -0.004209 0.200000
0.324439 0.320000 0.512025 0.712025 -0.004439 0.200000
0.324514 0.320000 0.525923 0.725923 -0.004514 0.200000
0.324450 0.320000 0.539290 0.739290 -0.004450 0.200000
0.324211 0.320000 0.553885 0.753885 -0.004211 0.200000
0.324256 0.320000 0.587148 0.787148 -0.004256 0.200000
0.323865 0.320000 0.602110 0.802110 -0.003865 0.200000
0.323342 0.320000 0.496443 0.696443 -0.003342 0.200000
0.322560 0.320000 0.477779 0.677779 -0.002560 0.200000
0.321686 0.320000 0.454039 0.654039 -0.001686 0.200000
0.321492 0.320000 0.416026 0.616026 -0.001492 0.200000
0.320612 0.320000 0.402716 0.602716 -0.000612 0.200000
0.319045 0.320000 0.416458 0.616458 0.000955 0.200000
0.318147 0.320000 0.416016 0.616016 0.001853 0.200000
0.317552 0.320000 0.410536 0.610536 0.002448 0.200000
0.317286 0.320000 0.409094 0.609094 0.002714 0.200000
0.317396 0.320000 0.408769 0.608769 0.002604 0.200000
0.317884 0.320000 0.405350 0.605350 0.002116 0.200000
0.318696 0.320000 0.403484 0.603484 0.001304 0.200000
0.319621 0.320000 0.406001 0.606001 0.000379 0.200000
0.320527 0.320000 0.413471 0.613471 -0.000527 0.200000
0.321320 0.320000 0.423443 0.623443 -0.001320 0.200000
0.321957 0.320000 0.436472 0.636472 -0.001957 0.200000
0.322433 0.320000 0.449421 0.649421 -0.002433 0.200000
0.322602 0.320000 0.455262 0.655262 -0.002602 0.200000
0.322517 0.320000 0.456290 0.656290 -0.002517 0.200000
0.322320 0.320000 0.456592 0.656592 -0.002320 0.200000
0.322026 0.320000 0.456495 0.656495 -0.002026 0.200000
0.321630 0.320000 0.457555 0.657555 -0.001630 0.200000
0.321204 0.320000 0.454203 0.654203 -0.001204 0.200000
0.320136 0.320000 0.454478 0.654478 -0.000136 0.200000
0.318554 0.320000 0.458866 0.658866 0.001446 0.200000
0.316659 0.320000 0.460324 0.660324 0.003341 0.200000
0.314701 0.320000 0.455370 0.655370 0.005299 0.200000
0.315130 0.320000 0.470314 0.670314 0.004870 0.200000
0.315118 0.320000 0.480199 0.680199 0.004882 0.200000
0.314984 0.320000 0.481000 0.681000 0.005016 0.200000
0.314962 0.320000 0.480080 0.680080 0.005038 0.200000
0.315166 0.320000 0.480189 0.680189 0.004834 0.200000
0.315639 0.320000 0.480035 0.680035 0.004361 0.200000
0.316350 0.320000 0.482307 0.682307 0.003650 0.200000
0.317270 0.320000 0.481784 0.681784 0.002730 0.200000
0.318331 0.320000 0.482688 0.682688 0.001669 0.200000
0.319427 0.320000 0.486478 0.686478 0.000573 0.200000
0.320471 0.320000 0.491995 0.691995 -0.000471 0.200000
0.321438 0.320000 0.471865 0.671865 -0.001438 0.200000
0.322485 0.320000 0.458619 0.658619 -0.002485 0.200000
0.323480 0.320000 0.458806 0.658806 -0.003480 0.200000
0.324346 0.320000 0.468282 0.668282 -0.004346 0.200000
0.324876 0.320000 0.481405 0.681405 -0.004876 0.200000
0.325225 0.320000 0.494565 0.694565 -0.005225 0.200000
0.325410 0.320000 0.512216 0.712216 -0.005410 0.200000
0.325377 0.320000 0.528705 0.728705 -0.005377 0.200000
0.325124 0.320000 0.544880 0.744880 -0.005124 0.200000
0.325337 0.320000 0.585190 0.785190 -0.005337 0.200000
0.324895 0.320000 0.603409 0.803409 -0.004895 0.200000
0.324244 0.320000 0.621567 0.821567 -0.004244 0.200000
0.323383 0.320000 0.615917 0.815917 -0.003383 0.200000
0.323452 0.320000 0.573982 0.773982 -0.003452 0.200000
0.323152 0.320000 0.523462 0.723462 -0.003152 0.200000
0.320415 0.320000 0.532077 0.732077 -0.000415 0.200000
0.319075 0.320000 0.526081 0.726081 0.000925 0.200000
0.318106 0.320000 0.516473 0.716473 0.001894 0.200000
0.317463 0.320000 0.498125 0.698125 0.002537 0.200000
0.317186 0.320000 0.481693 0.681693 0.002814 0.200000
0.317263 0.320000 0.463893 0.663893 0.002737 0.200000
0.317721 0.320000 0.454527 0.654527 0.002279 0.200000
0.318392 0.320000 0.444934 0.644934 0.001608 0.200000
0.319182 0.320000 0.443607 0.643607 0.000818 0.200000
0.319950 0.320000 0.443184 0.643184 0.000050 0.200000
0.320597 0.320000 0.445270 0.645270 -0.000597 0.200000
0.321097 0.320000 0.451942 0.651942 -0.001097 0.200000
0.321439 0.320000 0.464984 0.664984 -0.001439 0.200000
0.321499 0.320000 0.475212 0.675212 -0.001499 0.200000
0.321390 0.320000 0.478519 0.678519 -0.001390 0.200000
0.321192 0.320000 0.489996 0.689996 -0.001192 0.200000
0.320929 0.320000 0.497025 0.697025 -0.000929 0.200000
0.320567 0.320000 0.505405 0.705405 -0.000567 0.200000
0.320290 0.320000 0.508868 0.708868 -0.000290 0.200000
0.319217 0.320000 0.514783 0.714783 0.000783 0.200000
0.317203 0.320000 0.512031 0.712031 0.002797 0.200000
0.314775 0.320000 0.503640 0.703640 0.005225 0.200000
0.312967 0.320000 0.494305 0.694305 0.007033 0.200000
0.313008 0.320000 0.496095 0.696095 0.006992 0.200000
0.312540 0.320000 0.494173 0.694173 0.007460 0.200000
0.312026 0.320000 0.493046 0.693046 0.007974 0.200000
0.311653 0.320000 0.493622 0.693622 0.008347 0.200000
0.311529 0.320000 0.497414 0.697414 0.008471 0.200000
0.311713 0.320000 0.501715 0.701715 0.008287 0.200000
0.312195 0.320000 0.499848 0.699848 0.007805 0.200000
0.312948 0.320000 0.499973 0.699973 0.007052 0.200000
0.313849 0.320000 0.495904 0.695904 0.006151 0.200000
0.314845 0.320000 0.493742 0.693742 0.005155 0.200000
0.315829 0.320000 0.494424 0.694424 0.004171 0.200000
0.316731 0.320000 0.475561 0.675561 0.003269 0.200000
0.317719 0.320000 0.456991 0.656991 0.002281 0.200000
0.318735 0.320000 0.454286 0.654286 0.001265 0.200000
0.319580 0.320000 0.459450 0.659450 0.000420 0.200000
0.320110 0.320000 0.467903 0.667903 -0.000110 0.200000
0.320476 0.320000 0.479239 0.679239 -0.000476 0.200000
0.320671 0.320000 0.495038 0.695038 -0.000671 0.200000
0.320623 0.320000 0.514436 0.714436 -0.000623 0.200000
0.320334 0.320000 0.531597 0.731597 -0.000334 0.200000
